/group/aorta-inner/21
21
pathId 1 posId 21 pos {-1.68628822060286 -1.55516122363791 12.540688873088667} nrm {0.44363911930547201 0.37294812149557799 -0.81491964664915595} xhat {0 0.90929996480488595 0.41614129091671997}
-2.2959848386203801 -0.77902074627965401 12.563973208510657
-2.25669780155095 -0.72136091712409101 12.611748951384254
-2.2139527367426002 -0.66918896516617798 12.658895703272727
-2.1680378131718001 -0.62293282718638499 12.705060740750449
-2.1192411998150402 -0.58302043996518904 12.749891340391795
-2.0678510656487701 -0.54987974028306097 12.793034778771142
-2.0141555796495001 -0.52393866492047003 12.834138332462857
-1.9584429107937 -0.50562515065789104 12.872849278041315
-1.9010012280578401 -0.49536713427579698 12.908814892080885
-1.8421187004184001 -0.49359255255466 12.94168245115595
-1.7820834968518799 -0.50072934227495103 12.971099231840872
-1.7211837863347299 -0.51720544021714399 12.996712510710033
-1.6597077378434399 -0.54344878316171197 13.018169564337803
-1.5979435203545 -0.57988730788912501 13.035117669298552
-1.53617930284437 -0.62694895117985705 13.047204102166658
-1.47470325428954 -0.685061649814381 13.054076139516491
-1.43115896453839 -0.73345286710770397 13.055635234053772
-1.3882004410000901 -0.78713153703454997 13.054455636078865
-1.34611939992228 -0.84552848359361399 13.050639019887697
-1.3052075575526001 -0.90807453078359002 13.044287059776194
-1.26575663013872 -0.97420050260317304 13.035501430040275
-1.22805833392829 -1.04333722305106 13.024383804975871
-1.1924043851689401 -1.1149155161259401 13.011035858878905
-1.1590865001083299 -1.1883662058265101 12.995559266045305
-1.12839639499411 -1.26312011615146 12.978055700770993
-1.1006257860739399 -1.3386080710995101 12.95862683735189
-1.0760663895954501 -1.41426089466931 12.93737435008393
-1.05500992180631 -1.4895094108596001 12.914399913263029
-1.0377480989541601 -1.56378444366904 12.889805201185119
-1.0245726372866499 -1.63651681709635 12.863691888146123
-1.0157752530514199 -1.7071373551402 12.836161648441966
-1.0116476624961399 -1.7750768817993099 12.807316156368568
-1.0124815818684501 -1.83976622107236 12.77725708622186
-1.018568727416 -1.9006361969580401 12.746086112297768
-1.0302008153864299 -1.95711763345506 12.713904908892212
-1.0476695620274099 -2.0086413545620898 12.680815150301122
-1.0712666835865801 -2.0546381842778598 12.646918510820418
-1.1046430706499399 -2.0985294824403402 12.608661673726003
-1.1451407059559799 -2.1352151417248302 12.569825718411792
-1.1920380116971701 -2.1649365197080499 12.530693011721176
-1.24461341006596 -2.1879349739666298 12.491545920497574
-1.3021453232548099 -2.2044518620772799 12.452666811584374
-1.3639121734561701 -2.21472854161666 12.414338051824982
-1.42919238286248 -2.21900637016146 12.376842008062805
-1.4972643736662199 -2.21752670528836 12.340461047141238
-1.5674065680598299 -2.21053090457402 12.305477535903689
-1.63889738823577 -2.1982603255951401 12.272173841193556
-1.71101525638648 -2.18095632592838 12.24083232985425
-1.78303859470444 -2.1588602631504301 12.211735368729157
-1.8542458253820899 -2.1322134948379601 12.185165324661691
-1.9239153706118901 -2.1012573785676598 12.161404564495252
-1.9913256525862799 -2.0662332719162002 12.140735455073239
-2.0557550934977198 -2.0273825324602499 12.123440363239062
-2.1164821155386799 -1.98494651777651 12.109801655836115
-2.1727851409016101 -1.93916658544164 12.1001016997078
-2.2239425917789499 -1.8902840930323199 12.094622861697527
-2.27435310020793 -1.83229350016281 12.093718980080704
-2.3176942892992298 -1.7711708456134101 12.098096997290744
-2.3542257046902901 -1.7073580957378101 12.10741335170095
-2.3842068920186001 -1.64129721688965 12.12132448168463
-2.4078973969216002 -1.5734301754226201 12.139486825615075
-2.42555676503676 -1.5041989376903699 12.161556821865597
-2.43744454200155 -1.4340454700465599 12.187190908809498
-2.44382027345342 -1.3634117388448701 12.216045524820075
-2.44494350502984 -1.29273971043896 12.247777108270631
-2.4410737823682598 -1.2224713511825001 12.282042097534472
-2.4324706511061698 -1.15304862742915 12.318496930984894
-2.4193936568810002 -1.08491350553257 12.356798046995209
-2.4021023453302299 -1.0185079518464399 12.396601883938711
-2.3808562620913198 -0.95427393272441496 12.437564880188706
-2.35591495280174 -0.892653414520166 12.479343474118492
-2.3275379630989401 -0.83408836358735505 12.521594104101373

/group/aorta-inner/25
25
pathId 1 posId 25 pos {-1.5078956783178501 -1.4060758250443901 12.209531350316754} nrm {0.43778862116810002 0.363408242034028 -0.82235975874155698} xhat {0 0.91467016576552795 0.40420104880920599}
-2.1195464278571299 -0.63130581012228504 12.226292956969701
-2.0801334731754801 -0.57292177613018302 12.273075136965279
-2.0372514074610999 -0.52002425920248396 12.319279579318302
-1.99118932329165 -0.47304653768893301 12.364560914060101
-1.94223631324478 -0.43242188993927599 12.408573771222011
-1.89068146989814 -0.39858359430325901 12.450972780835366
-1.8368138858294101 -0.37196492913062701 12.491412572931498
-1.7809226536162299 -0.35299917277112502 12.52954777754174
-1.72329686583627 -0.3421196035745 12.565033024697426
-1.6642256150671699 -0.33975949989049697 12.597522944429889
-1.60399799388661 -0.346352140068861 12.626672166770462
-1.54290309487223 -0.36233080245933902 12.652135321750478
-1.48123001060169 -0.38812876541167501 12.67356703940127
-1.4192678336526601 -0.42417930727561598 12.690621949754172
-1.3573056566027799 -0.47091570640090602 12.702954682840517
-1.2956325720297199 -0.52877124113729201 12.710219868691638
-1.2519487190341101 -0.57702300074211399 12.712152364314987
-1.20885250963869 -0.63059916049973397 12.711419123249124
-1.1666365950689099 -0.68893003180742196 12.708116101255809
-1.12559362655022 -0.75144592606244398 12.702339254096794
-1.0860162553080801 -0.81757715466206904 12.694184537533832
-1.04819713256795 -0.88675402900356404 12.683747907328684
-1.0124289095552701 -0.95840686048419799 12.671125319243098
-0.97900423749549903 -1.0319659605012399 12.656412729038834
-0.94821576761409698 -1.10686164045195 12.639706092477645
-0.92035615113651403 -1.1825242117336101 12.621101365321287
-0.89571803928820504 -1.25838398574347 12.600694503331516
-0.87459408329462396 -1.3338712738788201 12.578581462270083
-0.85727693438122599 -1.40841638753691 12.554858197898747
-0.84405924377346397 -1.48144963811501 12.529620665979261
-0.835233662696793 -1.55240133701039 12.50296482227338
-0.83109284237666703 -1.62070179562033 12.474986622542861
-0.83192943403854103 -1.6857813253420799 12.445782022549457
-0.83803608890786796 -1.7470702375729099 12.415446978054923
-0.84970545821010302 -1.8039988437101 12.384077444821017
-0.86723019317070005 -1.8559974551509 12.35176937860949
-0.89090294501511402 -1.9024963832926001 12.318618735182099
-0.92438630569522795 -1.9469728483325901 12.281139094477163
-0.96501373883346697 -1.9842706644441399 12.243028569978096
-1.0120613539068299 -2.0146255677645302 12.20456835562279
-1.0648052603922999 -2.03827329443099 12.166039645349144
-1.1225215677668801 -2.05544958058079 12.12772363309505
-1.18448638550757 -2.0663901623511798 12.089901512798406
-1.24997582309135 -2.0713307758794199 12.052854478397105
-1.31826598999523 -2.07050715730277 12.016863723829045
-1.38863299569619 -2.0641550427584701 11.98221044303212
-1.46035294967123 -2.0525101683838001 11.949175829944226
-1.5327019613973401 -2.0358082703159899 11.918041078503258
-1.60495614035153 -2.0142850846923199 11.88908738264711
-1.67639159601078 -1.98817634765003 11.86259593631368
-1.7462844378520901 -1.95771779532638 11.838847933440864
-1.8139107753524499 -1.9231451638586301 11.818124567966553
-1.87854671798885 -1.8846941893840301 11.800707033828647
-1.9394683752383 -1.84260060803984 11.78687652496504
-1.9959518565777901 -1.79710015596332 11.776914235313626
-2.0472732714843001 -1.7484285692917201 11.771101358812302
-2.0978453500028 -1.6905877963810401 11.769739343093674
-2.1413254514828202 -1.6295274259166099 11.773575557339136
-2.1779739534225802 -1.56569456914494 11.782273805357892
-2.2080512333203099 -1.4995363373125099 11.795497890959142
-2.2318176686742301 -1.43149984166585 11.812911617952093
-2.24953363698256 -1.3620321934514501 11.834178790145943
-2.2614595157435202 -1.2915805039158099 11.858963211349897
-2.2678556824553402 -1.22059188430544 11.886928685373157
-2.2689825146162499 -1.1495134458668399 11.917739016024925
-2.2651003897244499 -1.07879229984652 11.951058007114405
-2.2564696852781898 -1.00887555749098 11.986549462450798
-2.2433507787756701 -0.94021033004671695 12.023877185843309
-2.2260040477151199 -0.87324372876024403 12.062704981101138
-2.2046898695947701 -0.80842286487806103 12.10269665203349
-2.1796686219128398 -0.74619484964667104 12.143516002449566
-2.15120068216756 -0.68700679431257705 12.184826836158569

/group/aorta-inner/50
50
pathId 1 posId 50 pos {-0.57006970098712195 -0.68594868359788796 10.186149915635806} nrm {0.33257207280196999 0.22319835501280899 -0.91628505974493402} xhat {0 0.971590062636285 0.23667012947649399}
0.086860460869502304 -0.57676210528006799 10.451184129342437
0.071513355837257805 -0.496972984634036 10.465049663669006
0.049903032189632802 -0.41953275654516597 10.476069751020191
0.022429269827522798 -0.34487521268600402 10.484283826768248
-0.010508151348176399 -0.273434144729094 10.489731326285437
-0.0485094514365692 -0.205643344346983 10.492451684944015
-0.091174850536759805 -0.14193660321221599 10.492484338116242
-0.13810456874785301 -0.082747712997337103 10.489868721174375
-0.18889882616895201 -0.028510465374893101 10.484644269490673
-0.24315784289916201 0.020341347982570899 10.476850418437394
-0.30048183903758702 0.063373935402509601 10.466526603386797
-0.36047103468333203 0.10015350521237699 10.453712259711139
-0.42272564993550099 0.130246265739629 10.43844682278268
-0.48684590489319701 0.153218425311719 10.420769727973678
-0.55243201965552702 0.16863619225610199 10.40072041065639
-0.619084214321592 0.17606577490023201 10.378338306203077
-0.68640270899049904 0.17507338157156499 10.353662849985994
-0.74997642747595095 0.16618959916932399 10.328424318906647
-0.813239992763096 0.14989258259747701 10.301492566525807
-0.87564716464290704 0.12661365310928199 10.273170920317856
-0.93665170290636002 0.096784131957996899 10.243762707757169
-0.995707367344427 0.060835340396880398 10.213571256318126
-1.05226791774808 0.019198599679190499 10.182899893475106
-1.1057871139083 -0.027694768941814201 10.152051946702487
-1.15571871561605 -0.079413444212875897 10.121330743474648
-1.2015164826623099 -0.13552610488073599 10.091039611265968
-1.2426341748380501 -0.19560142969213601 10.061481877550824
-1.27852555193425 -0.259208097393818 10.032960869803597
-1.30864437374188 -0.325914786732524 10.005779915498664
-1.33244440005192 -0.39529017645499398 9.9802423421104027
-1.34937939065533 -0.46690294530797199 9.9566514771131942
-1.35890310534309 -0.54032177203819798 9.9353106479814155
-1.3604693039061799 -0.61511533539241503 9.9165231821894437
-1.35353174613556 -0.69085231411736503 9.9005924072116613
-1.3388545866186901 -0.76283252792668998 9.8883858871591759
-1.3166978076265301 -0.83474596890603203 9.8789104125531146
-1.2876541631432199 -0.90606908891691595 9.8720783705516464
-1.2523164071528901 -0.97627833982087098 9.8678021483129363
-1.2112772936396601 -1.04485017347943 9.8659941329951568
-1.1651295765876499 -1.11126104175411 9.8665667117564695
-1.11446600998101 -1.1749873965064399 9.8694322717550449
-1.05987934780384 -1.2355056895979599 9.8745032001490518
-1.0019623440402901 -1.2922923728901901 9.8816918840966537
-0.94130775267448297 -1.3448238982446501 9.890910710756021
-0.87850832769053999 -1.39257671752289 9.9020720672853191
-0.81415682307259096 -1.4350272825864101 9.9150883408427166
-0.74884599280476505 -1.4716520452967601 9.9298719185863806
-0.68316859087118897 -1.50192745751546 9.9463351876744799
-0.61771737125599002 -1.52532997110403 9.9643905352651796
-0.55308508794329603 -1.54133603792401 9.9839503485166468
-0.48986449491723499 -1.5494221098369201 10.004927014587052
-0.42864834616193498 -1.5490646387042899 10.02723292063456
-0.36658681804399301 -1.5391199026995599 10.052181029880149
-0.30761293563610498 -1.51981324223494 10.078288932569306
-0.25190260681240101 -1.49183580393572 10.10532442494204
-0.19963173944700499 -1.4558787344271999 10.133055303238367
-0.150976241414046 -1.4126331803346801 10.161249363698293
-0.106112020587647 -1.3627902882834499 10.189674402561833
-0.065214984841937398 -1.30704120489881 10.218098216068997
-0.028461042051041899 -1.2460770768060601 10.246288600459796
0.0039738999109123502 -1.1805890506304899 10.274013351974242
0.031913933169799402 -1.1112682729973999 10.301040266852345
0.055183149851492398 -1.0388058905320801 10.327137141334116
0.073605642081865305 -0.96389304985983604 10.35207177165957
0.087005501986791606 -0.88722089760596001 10.375611954068715
0.095206821692144797 -0.80948058039574899 10.397525484801562
0.098033693323798604 -0.731363244854499 10.417580160098124
0.095310209007626406 -0.65356003760750603 10.435543776198413

/group/aorta-inner/91
91
pathId 1 posId 91 pos {-0.0041275378443337797 -0.24038359842600901 7.2401830069333686} nrm {0.066712581097320603 0.122221718767409 -0.990258190062003} xhat {0 0.99246917886528196 0.12249460805469201}
-0.60567831321532095 0.28311634338751901 7.2642697130795568
-0.55411142529522595 0.32805108780274 7.2732897464248518
-0.49719979285648003 0.37140580184026001 7.2824748353838338
-0.43561417921157702 0.41270364158168699 7.2917209373581189
-0.37002534767300799 0.45146776310862602 7.3009240097493269
-0.30110406155326602 0.48722132250268402 7.3099800099590766
-0.22952108416484299 0.51948747584546895 7.318784895388986
-0.15594717882022999 0.54778937921858595 7.3272346234406731
-0.0810531088319211 0.57165018870364304 7.3352251515157567
-0.0055096375124071796 0.59059306038224602 7.3426524370158548
0.070012471825819503 0.60414115033600302 7.3494124373425871
0.14484245587026701 0.61181761464651896 7.3554011098975707
0.21830955130844201 0.61314560939540197 7.3605144120824244
0.28974299482785298 0.60764829066425796 7.364648301298768
0.35847202311600901 0.59484881453469396 7.3676987349482177
0.42382587286041601 0.57427033708831599 7.3695616704323932
0.48513378074858299 0.54543601440673195 7.3701330651529133
0.541823960222517 0.50807748820418597 7.3693412766141542
0.59372053174221995 0.46276034272547301 7.3672442627315293
0.64074659252219401 0.41025864784802402 7.3639323815232096
0.68282523977694098 0.351346473449274 7.359495991007365
0.71987957072096298 0.28679788940665302 7.3540254492021688
0.75183268256876101 0.21738696559759499 7.3476111141257912
0.77860767253483698 0.143887771899532 7.3403433437964027
0.80012763783369401 0.067074378189896602 7.3323124962321762
0.81631567567983299 -0.012279145653878901 7.3236089294512814
0.82709488328775504 -0.093398729754361795 7.3143230014718901
0.83238835787196297 -0.17551030423412001 7.304545070312173
0.83211919664695799 -0.25783979921571998 7.294365493990302
0.82621049682724301 -0.33961314482173099 7.2838746305244486
0.81458535562731804 -0.420056271174719 7.2731628379327837
0.79716687026168598 -0.49839510839725298 7.2623204742334773
0.77387813794484805 -0.57385558661189895 7.2514378974447027
0.74259349899126303 -0.65042500733875597 7.2398797751896531
0.70513083228659001 -0.72263729459137904 7.2284432213955814
0.66207864489127999 -0.79029096731616599 7.2171927507379179
0.61402544386578395 -0.85318454445951097 7.2061928778920947
0.561559736270552 -0.91111654496781302 7.1955081175335431
0.50527002916603603 -0.96388548778746796 7.1852029843376952
0.44574482961268602 -1.0112898918648701 7.1753419929799822
0.38357264467095198 -1.05312827614642 7.1659896581358362
0.319341981401286 -1.08919915957852 7.1572104944806876
0.25364134686413797 -1.11930106110755 7.1490690166899711
0.187059248119959 -1.1432324996799199 7.1416297394391153
0.1201841922292 -1.16079199424202 7.1349571774035523
0.053604686252311198 -1.17177806374025 7.1291158452587142
-0.0120907627502567 -1.17598922712101 7.1241702576800332
-0.076313647718052394 -1.17322400333069 7.1201849293429396
-0.14794914357304401 -1.16127781135972 7.1168333744108638
-0.21672113109317201 -1.1405249802361099 7.114761682264982
-0.28251013150821902 -1.1117152042424601 7.1138853717191237
-0.34519666604796501 -1.0755981776613399 7.1141199615871216
-0.40466125594219399 -1.0329235947753399 7.1153809706828053
-0.46078442242068701 -0.98444114986704701 7.1175839178200064
-0.51344668671322602 -0.93090053721905497 7.1206443218125521
-0.562528570049593 -0.873051451113948 7.1244777014742766
-0.60791059365956901 -0.81164358583431095 7.1289995756190097
-0.64947327877293803 -0.74742663566273204 7.1341254630605802
-0.68709714661947996 -0.68115029488179901 7.1397708826128206
-0.720662718428977 -0.61356425777409795 7.1458513530895607
-0.75005051543121204 -0.54541821862221695 7.1522823933046311
-0.77698105161757902 -0.47169619098754401 7.1595671877407261
-0.798397372291615 -0.398341671226008 7.167178109353185
-0.81382856648678004 -0.32549954229206002 7.175129000837015
-0.82280372323653805 -0.25331468714015298 7.183433704887225
-0.82485193157434999 -0.18193198872473501 7.192106064198823
-0.81950228053367702 -0.11149633000026 7.2011599214668172
-0.80628385914798095 -0.042152593921179801 7.2106091193862154
-0.78472575645072395 0.025954336558056498 7.2204675006520267
-0.75435706147536796 0.092679578482995406 7.2307489079592582
-0.71470686325537502 0.157878248899186 7.2414671840029179
-0.66530425082420497 0.22140546485217799 7.2526361714780148

/group/aorta-inner/129
129
pathId 1 posId 129 pos {0.078853123969952005 0.30566841354966101 4.4100852650990197} nrm {0.0047622065677902599 0.25853704762383101 -0.96598960470315598} xhat {0 0.96600055854089695 0.25853997930431299}
-0.57226489391177904 0.67143815060262602 4.5047697924310341
-0.53161706297555 0.72690146947288703 4.5198143602113463
-0.48556477755845501 0.782554780435327 4.5349364206706211
-0.43461894621014502 0.83734222090129196 4.5498508644796569
-0.37929047748027001 0.89020792828212802 4.5642725823092478
-0.32009027991847999 0.94009603998918401 4.5779164648301922
-0.257529262074425 0.98595069343380703 4.5904974027132859
-0.19211833249775501 1.0267160260273429 4.6017302866293246
-0.12436839973812 1.061336175181139 4.611330007249105
-0.054790372345171097 1.0887552783065439 4.6190114552434238
0.016104841131442501 1.107917472814903 4.6244895212830777
0.087806332142070606 1.117766896117564 4.6274790960388632
0.15980319213706301 1.117247685625874 4.6276950701815753
0.23158451256676901 1.1053039787511809 4.6248523343820116
0.29319542842923801 1.0851339875943971 4.6197577805425123
0.35374623742273098 1.0563334502499879 4.6123481247943232
0.41272247592904598 1.019645956824597 4.6028198450371116
0.46960968032998202 0.97581509742486605 4.5913694191705439
0.52389338700733701 0.92558446215743595 4.5781933250942863
0.57505913234290795 0.86969764112894898 4.5634880407080054
0.62259245271849495 0.80889822444604798 4.5474500439113683
0.66597888451589504 0.74392980221537497 4.5302758126040414
0.70470396411690694 0.67553596454357101 4.5121618246856912
0.73825322790332903 0.60446030153727903 4.4933045580559838
0.76611221225695902 0.53144640330314097 4.4739004906145858
0.78776645355959496 0.45723785994779698 4.4541461002611644
0.80270148819303599 0.38257826157789199 4.4342378648953851
0.81040285253907995 0.30821119830006599 4.414372262416915
0.810356082979524 0.23488026022096201 4.3947457707254216
0.80134979499888404 0.15822852565130399 4.3741863331777546
0.78358382816971806 0.084069666175305494 4.3542509035514279
0.75778362835194502 0.012853516357505399 4.3350634517346434
0.72467464140548499 -0.054970089237553602 4.3167479476156068
0.68498231319025604 -0.118951316045331 4.2994283610825201
0.63943208956617903 -0.178640329501284 4.28322866202359
0.58874941639317102 -0.233587295040872 4.2682728203270184
0.53365973953115198 -0.28334237809955298 4.2546848058810101
0.47488850484004103 -0.327455744112787 4.242588588573768
0.41316115817975702 -0.36547755851603098 4.2321081382934977
0.34920314541021902 -0.39695798674474297 4.2233674249284006
0.28373991239134699 -0.42144719423438398 4.2164904183666847
0.21749690498305899 -0.43849534642040999 4.2116010884965496
0.15119956904527501 -0.447652608738281 4.2088234052062026
0.074629191631059896 -0.44805264994287203 4.208338856057809
-0.00061158636778987896 -0.43812513607250397 4.2106249241202169
-0.074106630791207703 -0.418895164752278 4.2154093041894649
-0.14543980747912599 -0.39138783360729501 4.2224196910615914
-0.21419498227147599 -0.35662824026265699 4.2313837795326332
-0.279956021008192 -0.31564148234346301 4.2420292643986279
-0.34230678952920601 -0.269452657474816 4.2540838404556141
-0.40083115367444999 -0.21908686328181501 4.2672752024996274
-0.45511297928385602 -0.165569197389562 4.2813310453267066
-0.50473613219735902 -0.10992475742315801 4.2959790637328892
-0.54928447825488902 -0.053178641007704301 4.3109469525142128
-0.58834188329638004 0.00364405423169956 4.325962406466715
-0.62747181069125502 0.070842119251221497 4.3437543624579176
-0.65794647230573799 0.137021453345512 4.3613163351060136
-0.67961679061303204 0.20252919266299599 4.3787419667151033
-0.69233368808633899 0.26771247335210102 4.396124899589287
-0.69594808719886103 0.332918431561252 4.4135587760326667
-0.69031091042380099 0.39849420343887598 4.4311372383493417
-0.67527308023435995 0.46478692513339998 4.4489539288434159
-0.65068551910374095 0.532143732793248 4.4671024898189877
-0.61639914950514696 0.60091176256684797 4.485676563580161

/group/aorta-inner/143
143
pathId 1 posId 143 pos {0.060832035835710702 0.55939210668338102 3.3782214237953889} nrm {-0.053126271327348602 0.191441845506471 -0.98006510961462601} xhat {0 0.98145111242536898 0.191712581535499}
-0.589373850269439 0.92356589247042398 3.484603249733222
-0.54878296220863299 0.98038116081573801 3.4935010027589022
-0.50279519062817302 1.037451265526022 3.5021559862467142
-0.45192072835186597 1.093697613411275 3.5103851682463159
-0.39666976820351502 1.148041611281498 3.5180055168073672
-0.33755250300692502 1.199404665946691 3.5248339999795251
-0.27507912558590097 1.246708184216855 3.5306875858124491
-0.20975982876424701 1.2888735729019889 3.535383242355798
-0.142104805365767 1.324822238812094 3.5387379376592301
-0.072624248214268203 1.353475588757171 3.540568639772403
-0.0018283501335530901 1.373755029547219 3.5406923167449769
0.069772696052573399 1.3845819679922391 3.538925936626609
0.141668697520306 1.3848778109022311 3.5350864674669591
0.21334946144583999 1.373563965087196 3.5289908773156848
0.274874068316801 1.353775951903248 3.5217905121092432
0.335340053454874 1.3252072291227699 3.5129323441624032
0.39423367393541298 1.2886073966765219 3.5025906456111802
0.45104118683377298 1.2447260544952621 3.4909396885915851
0.505248849225307 1.194312802509746 3.4781537452396321
0.55634291818536996 1.1381172406507321 3.464407087691332
0.60380965078931603 1.07688896884898 3.4498739880826998
0.64713530411249998 1.011377587035249 3.434728718549747
0.685806135230275 0.94233269514029305 3.4191455512284872
0.719308401217996 0.87050389309487397 3.4032987582549321
0.74712835915101705 0.79664078082974799 3.387362611765095
0.76875226610469105 0.72149295827567195 3.3715113838949891
0.78366637915437398 0.64581002536340704 3.3559193467806252
0.79135695537541995 0.57034158202370799 3.340760772558018
0.79131025184318204 0.495837228187336 3.32620993336318
0.78231658106951896 0.41785650259938001 3.3114650213324182
0.76457550263656604 0.34230834812900102 3.297669447306752
0.73881144614285899 0.26965809036994798 3.2848748369859142
0.70574884118693604 0.20037105491597801 3.2731328160696389
0.666112117367331 0.13491256736084301 3.2624950102576609
0.62062570428258401 0.0737479532982976 3.253013045249713
0.57001403153122898 0.017342538322095501 3.2447385467455301
0.51500152871180405 -0.033838351974009098 3.2377231404448441
0.45631262542284601 -0.079329391996264001 3.2320184520473889
0.394671751262889 -0.118665256150913 3.227676107252901
0.330803335830472 -0.15138061884420401 3.2247477317611111
0.26543180872413202 -0.177010154482383 3.223284951271753
0.19928159954240399 -0.19508853747169499 3.2233393914845632
0.133077137883826 -0.20515044221838799 3.2249626780992728
0.056614025924952301 -0.20643254251920101 3.228857064646772
-0.0185213492915316 -0.197206699853884 3.234732056638042
-0.091913436549976801 -0.17850964870025801 3.242362616934074
-0.163146684634733 -0.15137812353614699 3.2515237083958599
-0.231805542330148 -0.116848858839373 3.2619902938843901
-0.29747445842057502 -0.075958589087758904 3.273537336260655
-0.35973788169036303 -0.0297440487591277 3.2859397983856482
-0.41818026092386001 0.020758027668699199 3.2989726431203592
-0.47238604490541802 0.074510905717898299 3.3124108333257789
-0.52193968241938604 0.13047785091064701 3.3260293318629
-0.56642562225011495 0.18762212876912199 3.339603101592711
-0.605428313181953 0.24490700481550301 3.352907105376207
-0.64450342494450497 0.31273236860078801 3.368273969936904
-0.67493539585656803 0.37962168934912899 3.3829894740467279
-0.69657535723259301 0.445929360281064 3.3971147736976719
-0.70927444038702903 0.51200977461713204 3.4107110248817309
-0.71288377663432501 0.57821732557786798 3.4238393835909009
-0.70725449728893097 0.64490640638381203 3.4365610058171749
-0.69223773366529595 0.71243141025550205 3.4489370475525498
-0.66768461707786897 0.78114673041347504 3.4610286647890192
-0.63344627884110005 0.85140676007826999 3.4728970135185779

