/group/renal/14
14
pathId 3 posId 14 pos {-3.77936263636767 2.91803421440971 -4.6962109288550398} nrm {0.99369573996580296 -0.021845894981678202 -0.109961508021058} xhat {0 0.98083100880685903 -0.19486028883002199}
-3.7793626363391701 3.898865223349298 -4.8910712170169699
-3.77056654363132 3.9110338276163299 -4.8140005588064003
-3.7618246817601899 3.9170802590620641 -4.7362036883581498
-3.75319094721117 3.9169672394259951 -4.6581602492486196
-3.7447185698287799 3.9106954655117612 -4.5803514052319896
-3.7364597846369199 3.898303604891121 -4.5032568737057099
-3.72846550979262 3.879868057505512 -4.4273519680931503
-3.72078503265868 3.855502484635009 -4.3531046673783704
-3.7134657059306302 3.825357108138733 -4.2809727308600003
-3.7065526556916701 3.789617784287139 -4.2114008759129904
-3.7000885031953601 3.7485048578963029 -4.1448180361580604
-3.69411310209138 3.7022718038288591 -4.08163471694336
-3.6886632927145602 3.651203664237185 -4.0222404644424099
-3.6837726749519599 3.5956152911837411 -3.9670014639725002
-3.67947140108837 3.5358494054734142 -3.91625828234034
-3.6757859899074798 3.47227448366578 -3.8703237681345102
-3.6727391631947501 3.405282486294591 -3.82948112290988
-3.67034970565004 3.335286441300739 -3.7939821551558102
-3.6686323490736701 3.2627178975776601 -3.7640457278130999
-3.66759768154003 3.188024264328893 -3.7398564089112001
-3.6672520821185302 3.1116660526415729 -3.7215633336449101
-3.6675976815445099 3.0341140362824341 -3.7092792849062999
-3.6686323490825901 2.955846349220991 -3.7030799979407099
-3.6703497056633498 2.8773455377746262 -3.7030036934137498
-3.6727391632123698 2.799095585550075 -3.7090508417682102
-3.6757859899293002 2.7215789295235502 -3.72118416032359
-3.6794714011142502 2.64527348565636 -3.7393288431362799
-3.6837726749817499 2.5706497023840811 -3.7633730222030102
-3.68866329274808 2.4981676601455121 -3.7931684571643198
-3.6941131021284099 2.42827423483378 -3.8285314492557099
-3.7000885032356798 2.361400342657852 -3.8692439738715301
-3.7065526557350301 2.297958283400821 -3.9150550247592402
-3.71346570597676 2.2383391984546299 -3.9656821615564
-3.72078503270729 2.1829106593033298 -4.0208132511294199
-3.7284655098434301 2.1320144013226501 -4.0801083919781398
-3.7364597846895999 2.085964216867763 -4.1432020098415903
-3.7447185698830099 2.045044020639073 -4.2097051115848796
-3.7531909472666198 2.0095060992536768 -4.27920768347124
-3.7618246818165 1.9795695558144739 -4.3512812190330497
-3.7705665436881599 1.955418959066676 -4.4254813609566703
-3.7793626363961801 1.937203205470124 -4.5013506406931096
-3.7881587291040302 1.9250346012030921 -4.5784212989036899
-3.7969005909751599 1.9189881697573581 -4.6562181693519404
-3.8055343255241798 1.9191011893934271 -4.7342616084614697
-3.8140067029065698 1.9253729633076611 -4.81207045247809
-3.8222654880984299 1.937764823928301 -4.8891649840043803
-3.83025976294272 1.9562003713139089 -4.9650698896169301
-3.8379402400766698 1.9805659441844119 -5.03931719033171
-3.84525956680472 2.0107113206806879 -5.1114491268500801
-3.8521726170436801 2.0464506445322832 -5.1810209817970998
-3.8586367695399901 2.0875635709231188 -5.24760382155202
-3.8646121706439698 2.1337966249905631 -5.3107871407667302
-3.87006198002079 2.1848647645822372 -5.3701813932676696
-3.8749525977833899 2.2404531376356811 -5.42542039373759
-3.8792538716469802 2.300219023346008 -5.4761635753697497
-3.8829392828278699 2.3637939451536418 -5.5220980895755698
-3.8859861095406001 2.4307859425248299 -5.5629407348002102
-3.8883755670853102 2.5007819875186819 -5.5984397025542796
-3.8900929236616801 2.5733505312417622 -5.6283761298969797
-3.89112759119531 2.648044164490527 -5.6525654487988799
-3.8914731906168201 2.724402376177848 -5.6708585240651797
-3.8911275911908398 2.8019543925369881 -5.6831425728037903
-3.8900929236527602 2.8802220795984299 -5.6893418597693799
-3.8883755670719999 2.958722891044796 -5.68941816429634
-3.88598610952298 3.0369728432693468 -5.68337101594188
-3.8829392828060501 3.1144894992958712 -5.6712376973864904
-3.8792538716211 3.1907949431630609 -5.6530930145738001
-3.8749525977535999 3.2654187264353398 -5.6290488355070796
-3.8700619799872702 3.3379007686739088 -5.5992534005457602
-3.8646121706069398 3.4077941939856422 -5.5638904084543803
-3.8586367694996699 3.4746680861615689 -5.5231778838385601
-3.8521726170003201 3.5381101454186008 -5.4773668329508496
-3.8452595667585898 3.5977292303647919 -5.4267396961536898
-3.8379402400280598 3.6531577695160911 -5.3716086065806596
-3.8302597628919202 3.7040540274967708 -5.3123134657319504
-3.8222654880457498 3.7501042119516592 -5.2492198478684999
-3.8140067028523399 3.7910244081803479 -5.1827167461252097
-3.8055343254687299 3.826562329565744 -5.1132141742388404
-3.7969005909188498 3.8564988730049481 -5.0411406386770397
-3.7881587290471899 3.8806494697527452 -4.9669404967534101

/group/renal/20
20
pathId 3 posId 20 pos {-2.4957680511418898 2.8801591793268368 -4.8083679641235904} nrm {0.99749068232899096 -0.038369905162078798 -0.059498647419058803} xhat {0 0.84040163658489797 -0.541964103262777}
-2.4957680510879601 3.720560816680019 -5.35033206619502
-2.4902133140785501 3.7603854510276018 -5.2828896764866098
-2.4846928238702701 3.794783197705212 -5.2125217026269901
-2.4792406161210101 3.8235419831661712 -5.1396619865747502
-2.4738903055045798 3.846484499934844 -5.0647597327076497
-2.4686748784650998 3.8634692997661921 -4.9882767383283202
-2.4636264898445601 3.8743916657212352 -4.9106845465302804
-2.4587762646375699 3.8791842577818061 -4.8324615389779799
-2.4541541060954 3.8778175280241518 -4.7540899865247797
-2.4497885113624802 3.8702999027917131 -4.6760530758527397
-2.4457063957820502 3.8566777307439111 -4.5988319304660497
-2.4419329269541099 3.8370349971012541 -4.5229026444046596
-2.43849136956878 3.811492805848518 -4.4487333469661898
-2.4354029419717702 3.780208633088419 -4.3767813165331404
-2.4326866853462401 3.7433753561490639 -4.3074901612996097
-2.4303593463175099 3.701220064431094 -4.2412870842792598
-2.42843527370463 3.654002659326006 -4.1785802494566804
-2.4269263300550801 3.602014251837653 -4.1197562653206896
-2.4258418185082098 3.5455753677861011 -4.06517780129444
-2.4251884254383702 3.485033971659361 -4.0151813517578496
-2.4249701792310998 3.4207633212966111 -3.9700751614478
-2.4251884254468301 3.3531596666294989 -3.9301373250268901
-2.4258418185250901 3.2826398066695428 -3.8956140725373398
-2.4269263300802599 3.209638519803629 -3.8667182513108802
-2.42843527373797 3.1346058832406771 -3.8436280136942198
-2.4303593463587898 3.05800449813598 -3.8264857186805399
-2.4326866853952098 2.9803066375012568 -3.8153970542189999
-2.43540294202813 2.9019913344844781 -3.8104303856133601
-2.4384913696321799 2.823541428971224 -3.8116163340271498
-2.4419329270241601 2.745440590716226 -3.8189475876940402
-2.4457063958583301 2.6681703373584882 -3.8323789469972702
-2.4497885114445102 2.5922070657049279 -3.85182760314038
-2.4541541061826702 2.5180191145856421 -3.8771736486908899
-2.4587762647295399 2.4460638773892769 -3.9082608168495701
-2.4636264899406699 2.376784982080693 -3.9448974448872098
-2.4686748785647499 2.3106095560870381 -3.9868576558090099
-2.4738903056071702 2.2479455929151251 -4.0338827509614799
-2.4792406162259 2.1891794367357909 -4.0856828049955602
-2.4846928239768098 2.1346734004436119 -4.1419384533528598
-2.4902133141860801 2.0847635318774249 -4.2023028612543598
-2.4957680511958298 2.0397575419736569 -4.2664038620521598
-2.5013227882052398 1.9999329076260739 -4.33384625176057
-2.50684327841351 1.965535160948463 -4.4042142256201799
-2.51229548616277 1.9367763754875049 -4.4770739416724297
-2.5176457967791999 1.9138338587188319 -4.5519761955395204
-2.52286122381869 1.896849058887484 -4.6284591899188596
-2.5279096124392302 1.8859266929324401 -4.7060513817169003
-2.5327598376462102 1.8811341008718701 -4.7842743892691901
-2.5373819961883801 1.882500830629523 -4.8626459417223904
-2.5417475909212999 1.8900184558619619 -4.9406828523944402
-2.5458297065017299 1.903640627909764 -5.0179039977811302
-2.5496031753296702 1.9232833615524221 -5.0938332838425104
-2.5530447327150099 1.948825552805157 -5.1680025812809802
-2.5561331603120099 1.9801097255652571 -5.2399546117140297
-2.5588494169375502 2.0169430025046111 -5.3092457669475603
-2.5611767559662701 2.0590982942225819 -5.3754488439679102
-2.5631008285791501 2.1063156993276699 -5.4381556787904897
-2.5646097722287098 2.158304106816022 -5.4969796629264804
-2.5656942837755699 2.2147429908675749 -5.5515581269527301
-2.5663476768454099 2.275284386994314 -5.6015545764893302
-2.56656592305269 2.3395550373570639 -5.6466607667993802
-2.56634767683695 2.407158692024177 -5.68659860322028
-2.56569428375869 2.4776785519841331 -5.72112185570984
-2.5646097722035299 2.5506798388500469 -5.7500176769362898
-2.5631008285458199 2.6257124754129988 -5.7731079145529502
-2.5611767559249898 2.7023138605176942 -5.7902502095666302
-2.55884941688858 2.7800117211524191 -5.8013388740281702
-2.5561331602556501 2.8583270241691969 -5.8063055426338197
-2.5530447326516001 2.9367769296824511 -5.8051195942200202
-2.54960317525962 3.0148777679374499 -5.7977883405531401
-2.54582970642545 3.0921480212951882 -5.7843569812498998
-2.5417475908392801 3.168111292948748 -5.7649083251068003
-2.5373819961011201 3.2422992440680329 -5.7395622795562904
-2.5327598375542402 3.3142544812643981 -5.7084751113976004
-2.5279096123431102 3.383533376572982 -5.67183848335997
-2.5228612237190302 3.449708802566636 -5.6298782724381597
-2.5176457966766099 3.51237276573855 -5.5828531772857
-2.5122954860578899 3.5711389219178842 -5.5310531232516196
-2.5068432783069698 3.6256449582100632 -5.47479747489432
-2.5013227880977 3.6755548267762501 -5.4144330669928102

/group/renal/27
27
pathId 3 posId 27 pos {-1.00648313970614 2.799483011208252 -4.8248144269993798} nrm {0.99541624879575996 -0.076163468335377807 0.057841315030899003} xhat {0 0.60479875352447299 0.796378344592094}
-1.0064831394484099 3.4042817672280021 -4.0284360843022897
-1.0139867549021699 3.3402206569782158 -3.98365659745361
-1.0214441080730401 3.2728257193287442 -3.9440631283374401
-1.02880922189889 3.202512466481287 -3.9098997838570599
-1.0360366880038601 3.1297144030211772 -3.8813771923916298
-1.04308194665601 3.05488035321746 -3.8586712052022798
-1.0499015614929901 2.978471693872021 -3.8419218122505301
-1.0564534873215501 2.900959509778184 -3.8312322791136699
-1.06269732934024 2.822821689326303 -3.8266685103181102
-1.0685945921867199 2.7445399781629258 -3.8282586430160999
-1.07410891727451 2.6665970090686861 -3.8359928735107598
-1.0792063069557301 2.5894733263667158 -3.8498235176992202
-1.08385533412795 2.513644423207102 -3.8696653050608898
-1.0880273359927 2.4395778099934891 -3.8953959043786299
-1.09169659077114 2.36773013202599 -3.9268566779513399
-1.09484047628742 2.2985443541310522 -3.9638536596481901
-1.0974396094418799 2.2324470296360008 -4.0061587507742598
-1.0994779657143201 2.1698456705259419 -4.0535111263749002
-1.1009429779605 2.1111262349968509 -4.1056188433082603
-1.10182561389277 2.0566507478949592 -4.16216064017188
-1.1021204317670801 2.0067550687131881 -4.2227879179860404
-1.1018256139332101 1.961746820905689 -4.2871268894223897
-1.1009429780411399 1.921903495286958 -4.35478088332715
-1.0994779658346501 1.8874707392086829 -4.4253327903306703
-1.09743960960116 1.8586608420621411 -4.4983476344653699
-1.09484047648467 1.8356514264435031 -4.5733752549372699
-1.0916965910051499 1.818584353051466 -4.6499530815169496
-1.0880273362620201 1.8075648460688689 -4.7276089864388204
-1.0838553344309201 1.8026608444206169 -4.8058641952258299
-1.0792063072904901 1.8039025829076181 -4.8842362384933198
-1.07410891763898 1.811282405799179 -4.9622419265332001
-1.06859459257867 1.824754814033136 -5.03940032833916
-1.06269732975725 1.8442367457326929 -5.1152357367063201
-1.0564534877610401 1.8696080883105239 -5.1892806011242403
-1.04990156195225 1.90071241900281 -5.2610784103813799
-1.0430819471322299 1.937357969267592 -5.33018650710848
-1.0360366884940799 1.9793188071016059 -5.3961788169084404
-1.0288092224001 2.0263362299862111 -5.45864847524666
-1.02144410858214 2.0781203598744442 -5.5172103359062303
-1.01398675541603 2.134351930385574 -5.5715033455423901
-1.0064831399638601 2.1946842551885029 -5.6211927696964699
-0.99897952451010497 2.2587453654382892 -5.6659722565451496
-0.99152217133923803 2.3261403030877612 -5.7055657256613097
-0.98415705751337901 2.3964535559352189 -5.7397290701417001
-0.97692959140841495 2.4692516193953278 -5.7682516616071204
-0.96988433275625896 2.5440856691990459 -5.7909576487964802
-0.96306471791928705 2.6204943285444839 -5.8077070417482304
-0.95651279209072104 2.6980065126383219 -5.8183965748850897
-0.95026895007203005 2.7761443330902029 -5.8229603436806396
-0.94437168722554998 2.8544260442535792 -5.8213702109826597
-0.93885736213776505 2.9323690133478202 -5.81363598048799
-0.93375997245654296 3.0094926960497892 -5.7998053362995297
-0.92911094528432103 3.0853215992094039 -5.77996354893786
-0.92493894341957605 3.1593882124230159 -5.7542329496201301
-0.92126968864113401 3.231235890390515 -5.7227721760474202
-0.91812580312485603 3.3004216682854541 -5.6857751943505699
-0.915526669970397 3.3665189927805041 -5.6434701032244998
-0.91348831369795502 3.4291203518905631 -5.5961177276238603
-0.91202330145177002 3.4878397874196549 -5.5440100106904904
-0.91114066551950801 3.5423152745215458 -5.4874682138268804
-0.91084584764519605 3.5922109537033182 -5.4268409360127201
-0.91114066547906702 3.6372192015108169 -5.3625019645763699
-0.91202330137113696 3.6770625271295478 -5.2948479706715998
-0.91348831357762605 3.7114952832078232 -5.2242960636680902
-0.91552666981111497 3.740305180354365 -5.1512812195333799
-0.91812580292760304 3.7633145959730019 -5.0762535990614799
-0.92126968840712598 3.7803816693650392 -4.9996757724818099
-0.92493894315025604 3.791401176347637 -4.92201986755994
-0.92911094498134905 3.796305177995889 -4.84376465877292
-0.93375997212178696 3.7950634395088878 -4.76539261550543
-0.93885736177328905 3.787683616617326 -4.6873869274655604
-0.94437168683360095 3.7742112083833699 -4.6102285256595898
-0.95026894965502495 3.754729276683813 -4.5343931172924403
-0.95651279165123004 3.7293579341059808 -4.4603482528745202
-0.96306471746001998 3.6982536034136961 -4.3885504436173699
-0.969884332280048 3.6616080531489139 -4.3194423468902796
-0.97692959091819598 3.6196472153149002 -4.2534500370903201
-0.98415705701217404 3.5726297924302939 -4.1909803787520996
-0.99152217083013705 3.5208456625420612 -4.1324185180925204
-0.99897952399624701 3.4646140920309318 -4.0781255084563703

/group/renal/34
34
pathId 3 posId 34 pos {0.119152868280459 2.6675463930924028 -4.6176293460456002} nrm {0.90314462588909405 -0.178343426500123 0.39054245217625599} xhat {0 0.90964197169799399 0.41539316716261099}
0.119152870132268 3.5771883664402662 -4.2022361824959198
0.085467520731930202 3.5449495214133742 -4.1390595519997202
0.051989852700743397 3.5073011943342349 -4.0788334634244201
0.0189262669945746 3.4644754996586329 -4.0219292306332903
-0.013519388385939799 3.4167364720352311 -3.9686976871440698
-0.0451470751861036 3.3643784384441631 -3.9194670231236501
-0.0757617981995206 3.3077242035733341 -3.8745407619865802
-0.10517480747838499 3.247123059620165 -3.8341958890722498
-0.13320476203967399 3.1829486327890528 -3.79868114393823
-0.159678847892611 3.1155965797615761 -3.7682154867981201
-0.18443384349438799 3.0454821483414758 -3.74298674855903
-0.20731712606524599 2.9730376173138748 -3.7231504727816298
-0.22818761255867401 2.898709631302808 -3.7088289567023001
-0.246916629485297 2.8229564470585959 -3.7001104972300798
-0.26338870622773503 2.7462451081525949 -3.6970488465667799
-0.27750228695534701 2.669048565498271 -3.6996628808068501
-0.28917035674970598 2.5918427614515411 -3.7079364835599402
-0.29832097808050401 2.515103695467888 -3.7218186453138302
-0.30489773432434503 2.4393044894074332 -3.7412237779250099
-0.30886007759199402 2.3649124705813298 -3.7660322422980901
-0.31018357871959101 2.2923862905234991 -3.7960910860005401
-0.30886007788257602 2.2221730972513982 -3.8312149862653602
-0.30489773490371902 2.154705778449808 -3.8711873925675402
-0.29832097894509702 2.090400292574297 -3.9157618617300498
-0.28917035789418799 2.0296531043290358 -3.9646635773279799
-0.27750228837266 1.972838740330044 -4.0175910440232201
-0.26338870790914198 1.920307480024068 -4.0742179463834001
-0.24691663142043299 1.8723831960993129 -4.1341951607251302
-0.228187614735606 1.8293613577026151 -4.1971529075775402
-0.207317128470554 1.791507208773903 -4.2627030314957004
-0.18443384611324201 1.759054132729104 -4.3304413941680497
-0.159678850708866 1.732202213573778 -4.3999503660633996
-0.13320476503596501 1.7111170023186859 -4.47080140125595
-0.105174810636239 1.6959284963027601 -4.5425576795533802
-0.075761801499469303 1.6867303377162799 -4.61477679963859
-0.045147078607801303 1.6835792362656281 -4.6870135066209704
-0.0135193919082907 1.686494619539096 -4.7588224371808296
0.018926263393286999 1.69545851322934 -4.8297608653823696
0.051989849042722198 1.7104156519509619 -4.8993914322263104
0.085467517039728297 1.73127381996999 -4.9672848421135498
0.11915286642865 1.757904419744541 -5.0330225095952796
0.15283821582898799 1.790143264771433 -5.0961991400914703
0.186315883860175 1.8277915918505709 -5.1564252286667704
0.21937946956634299 1.8706172865261741 -5.2133294614579002
0.25182512494685799 1.9183563141495761 -5.2665610049471203
0.28345281174702203 1.970714347740643 -5.3157916689675497
0.31406753476043903 2.0273685826114729 -5.3607179301046202
0.343480544039303 2.087969726564642 -5.4010628030189398
0.37151049860059199 2.1521441533957542 -5.4365775481529601
0.39798458445352902 2.2194962064232309 -5.4670432052930797
0.42273958005530599 2.2896106378433299 -5.4922719435321703
0.44562286262616402 2.3620551688709308 -5.5121082193095701
0.466493349119592 2.436383154881999 -5.5264297353888896
0.48522236604621599 2.512136339126211 -5.5351481948611196
0.50169444278865305 2.5888476780322112 -5.5382098455244204
0.51580802351626498 2.666044220686536 -5.5355958112843497
0.52747609331062395 2.7432500247332658 -5.5273222085312597
0.53662671464142198 2.8199890907169181 -5.5134400467773697
0.543203470885263 2.8957882967773738 -5.4940349141661802
0.54716581415291099 2.9701803156034772 -5.4692264497931102
0.54848931528050804 3.0427064956613079 -5.4391676060906597
0.54716581444349399 3.1129196889334092 -5.4040437058258401
0.54320347146463699 3.1803870077349989 -5.3640712995236601
0.53662671550601504 3.244692493610509 -5.3194968303611496
0.52747609445510601 3.3054396818557712 -5.2705951147632097
0.51580802493357802 3.3622540458547632 -5.2176676480679802
0.50169444447006095 3.4147853061607378 -5.1610407457078002
0.48522236798135099 3.4627095900854941 -5.1010635313660702
0.46649335129652397 3.5057314284821919 -5.0381057845136601
0.44562286503147203 3.5435855774109042 -4.9725556605954901
0.42273958267416001 3.5760386534557029 -4.9048172979231497
0.39798458726978297 3.6028905726110292 -4.83530832602779
0.37151050159688198 3.6239757838661211 -4.7644572908352396
0.34348054719715698 3.639164289882046 -4.6927010125378201
0.31406753806038701 3.6483624484685269 -4.6204818924525997
0.28345281516872001 3.6515135499191782 -4.5482451854702299
0.25182512846920901 3.6485981666457099 -4.4764362549103698
0.21937947316763101 3.6396342729554672 -4.4054978267088298
0.186315887518196 3.6246771342338451 -4.3358672598648802
0.15283821952119001 3.603818966214817 -4.2679738499776496

/group/renal/38
38
pathId 3 posId 38 pos {0.489051279659382 2.5657689210710708 -4.36887898945833} nrm {0.65343767864008595 -0.26688678899564799 0.70837182467476001} xhat {0 0.93578631951854796 0.35256767322306998}
0.48905127853449498 3.5015552402569261 -4.0163113153522296
0.429659287392748 3.4805950381435848 -3.9694221497664501
0.37063346763316601 3.4539946288079379 -3.9249957684302501
0.31233773306264401 3.4219180126190731 -3.8833060747578401
0.255131496270108 3.3845629525823511 -3.8446100995739299
0.19936745272838899 3.342159755064718 -3.80914641643326
0.14538940630934699 3.294969849879362 -3.7771336707352599
0.093530149618676603 3.243284178483989 -3.7487692317024699
0.044109412218829698 3.1874214002299799 -3.7242279755336698
-0.0025681106100610101 3.1277259277215301 -3.7036612072339299
-0.046214636417904201 3.064565803397413 -3.6871957277689602
-0.086561069859151601 2.9983304304269578 -3.6749330522949899
-0.123358661755088 2.9294281719100268 -3.66694878428408
-0.156380542715233 2.8582838331827012 -3.66329214940354
-0.18542312186257801 2.785336042751128 -3.66398569202337
-0.210307342039042 2.7110345480009199 -3.6690251362227002
-0.23087978375239501 2.6358374423549669 -3.6783794121522502
-0.247013611058442 2.560208340975151 -3.6919908475902998
-0.25860935354679998 2.4846135224207071 -3.7097755235111198
-0.26559551960905198 2.4095190538858509 -3.7316237914736399
-0.26792903720828898 2.3353879177405452 -3.7574009496406
-0.26559551943253701 2.2626771570902302 -3.7869480732601102
-0.258609353194858 2.191835057953095 -3.8200829944896499
-0.247013610533243 2.1232983854277099 -3.8566014255213599
-0.23087978305717699 2.057489690890951 -3.8962782180843201
-0.210307341178091 1.9948147068282469 -3.9388687515585099
-0.18542312084120199 1.935659845357893 -3.9841104411422599
-0.156380541539729 1.8803898158718411 -4.0317243567748999
-0.12335866043270401 1.8293453764810219 -4.0814169428333296
-0.086561068398040994 1.782841233128279 -4.1328818280000403
-0.046214634827074302 1.741164099321578 -4.1858017141441497
-0.0025681088993200199 1.7045709284498931 -4.2398503325699499
0.044109414038934397 1.673287329580109 -4.2946944555718503
0.093530151536923706 1.6475061765021131 -4.3499959508940096
0.14538940831390901 1.627386418597732 -4.4054138664281801
0.19936745480690801 1.613052100864947 -4.4606065322967501
0.25513149840977001 1.6045915991392239 -4.5152336673612101
0.31233773525025599 1.6020570752271031 -4.5689584771685299
0.37063346985524098 1.60546415531132 -4.6214497304009399
0.42965928963558597 1.6147918336101841 -4.6723838010271503
0.48905128078426902 1.6299826018852159 -4.7214466635644401
0.54844327192601605 1.6509428039985581 -4.76833582915022
0.60746909168559804 1.677543213334205 -4.8127622104864196
0.66576482625611999 1.70961982952307 -4.8544519041588297
0.72297106304865499 1.746974889559791 -4.8931478793427301
0.77873510659037504 1.789378087077425 -4.9286115624834004
0.83271315300941795 1.83656799226278 -4.9606243081813997
0.88457240970008799 1.8882536636581539 -4.9889887472141901
0.93399314709993397 1.9441164419121619 -5.0135300033829999
0.98067066992882501 2.0038119144206119 -5.0340967716827398
1.0243171957366679 2.0669720387447299 -5.05056225114771
1.064663629177915 2.1332074117151838 -5.0628249266216798
1.1014612210738519 2.2021096702321161 -5.0708091946325897
1.1344831020339969 2.2732540089594422 -5.0744658295131302
1.1635256811813419 2.3462017993910149 -5.0737722868932904
1.1884099013578071 2.420503294141223 -5.0687328426939597
1.208982343071159 2.4957003997871761 -5.0593785667644102
1.225116170377206 2.571329501166991 -5.0457671313263601
1.2367119128655639 2.6469243197214358 -5.0279824554055503
1.243698078927816 2.7220187882562912 -5.0061341874430303
1.246031596527053 2.7961499244015982 -4.9803570292760702
1.243698078751301 2.8688606850519141 -4.95080990565656
1.2367119125136219 2.939702784189048 -4.91767498442701
1.225116169852007 3.008239456714433 -4.8811565533953001
1.2089823423759409 3.0740481512511919 -4.8414797608323399
1.188409900496856 3.1367231353138951 -4.7988892273581598
1.163525680159966 3.1958779967842501 -4.7536475377744098
1.1344831008584939 3.2511480262703021 -4.7060336221417698
1.1014612197514679 3.302192465661121 -4.6563410360833402
1.0646636277168049 3.3486966090138641 -4.6048761509166303
1.024317194145838 3.390373742820564 -4.55195626477252
0.98067066821808402 3.42696691369225 -4.4979076463467198
0.93399314527983002 3.4582505125620329 -4.4430635233448204
0.88457240778184099 3.4840316656400301 -4.3877620280226504
0.83271315100485499 3.50415142354441 -4.3323441124884896
0.77873510451185601 3.5184857412771948 -4.2771514466199196
0.72297106090899399 3.5269462430029188 -4.2225243115554596
0.66576482406850801 3.529480766915039 -4.1687995017481301
0.60746908946352296 3.5260736868308231 -4.1163082485157201
0.54844326968317803 3.5167460085319591 -4.0653741778895203

/group/renal/45
45
pathId 3 posId 45 pos {0.72490227457385703 2.346994929497126 -3.7358070413778601} nrm {0.0259413759688518 -0.31004679551509701 0.95036731299201505} xhat {0 0.95068725169078505 0.31015117196719}
0.72490227479065295 3.2976821811898902 -3.4256558694167398
0.64646958322498804 3.2941202675596859 -3.4246769931220702
0.56852045528300499 3.2847190112691931 -3.4256163370361299
0.49153547325918201 3.2695363741896739 -3.4284681097913401
0.41598927516780099 3.2486659623274661 -3.4332147292603499
0.34234762844175298 3.2222364487118131 -3.4398269309557201
0.27106455832144 3.1904107800828641 -3.4482639484552098
0.20257954863817701 3.1533851722708222 -3.4584737647403498
0.13731483225023899 3.1113879004601142 -3.4703934328986299
0.075672787836879293 3.064677891796963 -3.48394946421217
0.018033459099964198 3.0135431290174299 -3.4990582812400799
-0.035247788331820101 2.958298874938087 -3.5156267331011901
-0.083842457850244995 2.8992857287559102 -3.5335526697802102
-0.127450947158361 2.836867526140975 -3.5527255719165298
-0.16580439541829001 2.7714290960685628 -3.57302723219285
-0.198666340867694 2.7033738882205549 -3.5943324841225701
-0.22583417868517 2.6331214855839882 -3.6165099737428399
-0.24714041011635299 2.561105017582411 -3.6394229694553699
-0.26245367515942702 2.4877684896889578 -3.6629302050222701
-0.271679562443224 2.413564045984963 -3.6868867505192999
-0.27476119130472298 2.3389491815413441 -3.7111449058771302
-0.27167956247724401 2.2643839218093551 -3.7355551115012999
-0.26245367522725599 2.190327986410709 -3.75996687035695
-0.24714041021757299 2.117237954813235 -3.7842296758329699
-0.22583417881915799 2.045564451366634 -3.8081939396654301
-0.19866634103362199 1.975749367053514 -3.8317119141988498
-0.16580439561513599 1.9082231350845349 -3.8546386032997302
-0.127450947384912 1.843402077134537 -3.8768326563058499
-0.083842458105103407 1.781685836580972 -3.89815723950016
-0.0352477886134153 1.7234549145695841 -3.9184808797361401
0.0180334587933688 1.6690683240983191 -3.93767827501342
0.075672787507173697 1.618861376582811 -3.9556310670063302
0.13731483189945701 1.573143614549996 -3.9722285707823501
0.20257954826847999 1.5321969032055049 -3.9873684572114398
0.27106455793510698 1.496273692640941 -4.0009573838592702
0.34234762804116697 1.4655954613951121 -4.0129115704742597
0.41598927475543102 1.440351350965198 -4.0231573155207601
0.49153547283757099 1.4206969996865171 -4.03163145057351
0.568520454854752 1.406753583170437 -4.0382817297719704
0.64646958279273303 1.3986070672164359 -4.0430671519334496
0.724902274357062 1.3963076778043619 -4.0459582133389898
0.80333496592272602 1.3998695914345649 -4.0469370896336603
0.88128409386470996 1.4092708477250591 -4.0459977457195899
0.95826907588853205 1.424453484804578 -4.0431459729643802
1.033815273979914 1.4453238966667861 -4.0383993534953699
1.107456920705961 1.4717534102824379 -4.0317871518000103
1.178739990826275 1.5035790789113881 -4.0233501343005198
1.247225000509538 1.54060468672343 -4.0131403180153704
1.312489716897475 1.582601958534138 -4.0012206498570899
1.374131761310835 1.6293119671972891 -3.9876646185435498
1.4317710900477501 1.680446729976822 -3.9725558015156399
1.485052337479535 1.735690984056165 -3.9559873496545301
1.53364700699796 1.794704130238342 -3.93806141297551
1.5772554963060761 1.8571223328532771 -3.91888851083919
1.615608944566004 1.9225607629256889 -3.8985868505628698
1.6484708900154079 1.990615970773697 -3.8772815986331501
1.675638727832885 2.0608683734102642 -3.8551041090128901
1.696944959264068 2.1328848414118409 -3.8321911133003499
1.712258224307142 2.2062213693052941 -3.80868387773346
1.7214841115909389 2.280425813009288 -3.7847273322364199
1.724565740452437 2.3550406774529078 -3.7604691768785998
1.721484111624958 2.4296059371848968 -3.7360589712544199
1.71225822437497 2.5036618725835438 -3.71164721239878
1.696944959365287 2.576751904181017 -3.6873844069227499
1.6756387279668721 2.648425407627617 -3.6634201430903
1.648470890181337 2.7182404919407381 -3.6399021685568802
1.615608944762851 2.7857667239097168 -3.6169754794559998
1.5772554965326271 2.8505877818597138 -3.5947814264498801
1.5336470072528181 2.9123040224132799 -3.5734568432555598
1.48505233776113 2.970534944424668 -3.5531332030195899
1.4317710903543459 3.024921534895932 -3.53393580774231
1.3741317616405411 3.0751284824114409 -3.5159830157493901
1.3124897172482579 3.1208462444442562 -3.4993855119733799
1.2472250008792349 3.1617929557887461 -3.48424562554428
1.178739991212608 3.1977161663533109 -3.4706566988964598
1.1074569211065479 3.2283943975991392 -3.4587025122814699
1.0338152743922839 3.253638508029054 -3.4484567672349602
0.95826907631014302 3.2732928593077348 -3.4399826321822098
0.88128409429296295 3.2872362758238149 -3.4333323529837498
0.80333496635498103 3.2953827917778158 -3.42854693082228

/group/renal/47
47
pathId 3 posId 47 pos {0.71729417796371298 2.2763484315802449 -3.5169892735666002} nrm {-0.090726163006142904 -0.30314360066391799 0.94861621360943305} xhat {0 0.95254462434618503 0.304398979349777}
0.71729417651218397 3.2288930559658771 -3.2125902943402602
0.63915865571235497 3.2281234797105962 -3.2203091462931699
0.56150486638990404 3.221485893786272 -3.2298571298868799
0.48481156997850899 3.2090212211173479 -3.2411753786275002
0.40955160615365499 3.1908063105557538 -3.2541941117478399
0.33618897761879901 3.166953463082173 -3.2688330644290602
0.265175989374409 3.1376097394331568 -3.2850019826599199
0.196950460107226 3.1029560534227811 -3.3026011796828301
0.131933022892472 3.0632060565488182 -3.3215221505958001
0.070524531851069397 3.0186048207602121 -3.3416482413213
0.0131035907506836 2.9694273275070149 -3.36285536781741
-0.039975781212402001 2.915976772388309 -3.38501278109718
-0.088386332059351605 2.8585826958505152 -3.4079838733396701
-0.13182959464605301 2.7975989514609552 -3.4316270201225301
-0.170037726812307 2.733401524282943 -3.4557964535836998
-0.20277516271781801 2.666386212802843 -3.4803431611287401
-0.229840065183923 2.5969661887007822 -3.5051158041430299
-0.25106557008692798 2.5255694495098502 -3.5299616510446499
-0.266320815130908 2.4526361798689829 -3.5547275189253602
-0.27551174665728301 2.3786160376382912 -3.57926071797419
-0.27858169951689798 2.3039653816088221 -3.6034099928608998
-0.27551174642951098 2.2291444578988591 -3.6270264552753502
-0.26632081467676899 2.1546145623835549 -3.6499645018734901
-0.25106556940922298 2.080835196652469 -3.6720827119703601
-0.22984006428682899 2.00826123502946 -3.6932447194456799
-0.20277516160686601 1.9373401201212259 -3.71332005348627
-0.17003772549434701 1.8685091041848401 -3.7321849429820402
-0.13182959312921 1.802192553322185 -3.7497230796160501
-0.088386330352977494 1.7387993311218199 -3.7658263349439198
-0.039975779327016799 1.6787202778789969 -3.78039542704167
0.013103592803455501 1.622325800935269 -3.7933405326118201
0.0705245340585718 1.5699635909940619 -3.8045818407738401
0.13193302524109499 1.5219564784918651 -3.8140500451247901
0.19695046258248899 1.478600443241237 -3.82168677103635
0.26517599196105202 1.4401627896168461 -3.82744493555382
0.33618898030087502 1.4068804985351 -3.8312890376781401
0.409551608914627 1.3789587663880061 -3.83319537724145
0.48481157280135501 1.3565697399391661 -3.8331522010264001
0.56150486925722098 1.339851454981746 -3.8311597752287101
0.63915865860646404 1.328906985301902 -3.8272303838159898
0.71729417941524098 1.323803807194615 -3.8213882527929401
0.79542970021506898 1.3245733834498949 -3.81366940084003
0.87308348953752002 1.33121096937422 -3.80412141724632
0.94977678594891601 1.3436756420431439 -3.79280316850571
1.02503674977377 1.361890552604738 -3.77978443538536
1.0983993783086261 1.3857434000783191 -3.7651454827041402
1.1694123665530161 1.415087123727335 -3.74897656447328
1.2376378958201999 1.4497408097377109 -3.7313773674503801
1.3026553330349531 1.4894908066116741 -3.7124563965373998
1.364063824076355 1.53409204240028 -3.6923303058118999
1.421484765176741 1.5832695356534769 -3.6711231793157899
1.474564137139827 1.6367200907721819 -3.64896576603602
1.5229746879867769 1.6941141673099771 -3.62599467379354
1.5664179505734781 1.7550979116995371 -3.6023515270106801
1.604626082739733 1.819295338877549 -3.5781820935495099
1.6373635186452431 1.886310650357649 -3.5536353860044598
1.664428421111348 1.9557306744597101 -3.52886274299017
1.685653926014353 2.0271274136506419 -3.5040168960885598
1.7009091710583331 2.1000606832915092 -3.4792510282078499
1.710100102584708 2.1740808255221999 -3.4547178291590099
1.713170055444323 2.2487314815516699 -3.4305685542723099
1.710100102356936 2.323552405261633 -3.40695209185786
1.700909170604195 2.3980823007769358 -3.38401404525972
1.685653925336648 2.471861666508024 -3.3618958351628399
1.6644284202142541 2.5444356281310321 -3.34073382768752
1.6373635175342911 2.615356743039265 -3.3206584936469299
1.6046260814217721 2.6841877589756522 -3.3017936041511602
1.566417949056635 2.750504309838306 -3.2842554675171498
1.5229746862804019 2.8138975320386712 -3.2681522121892899
1.4745641352544421 2.8739765852814951 -3.2535831200915299
1.42148476312397 2.9303710622252219 -3.2406380145213798
1.364063821868853 2.9827332721664299 -3.2293967063593598
1.30265533068633 3.0307403846686269 -3.2199285020084099
1.237637893344937 3.074096419919254 -3.2122917760968499
1.1694123639663729 3.112534073543646 -3.2065336115793901
1.0983993756265511 3.1458163646253912 -3.2026895094550598
1.0250367470127979 3.1737380967724862 -3.2007831698917499
0.94977678312606995 3.1961271232213249 -3.20082634610681
0.87308348667020397 3.2128454081787461 -3.2028187719044898
0.79542969732096103 3.2237898778585898 -3.2067481633172101

/group/renal/50
50
pathId 3 posId 50 pos {0.65969001791547699 2.1646464874285209 -3.1635222575498201} nrm {-0.208183649209435 -0.292099126936533 0.93345469533596404} xhat {0 0.95436506810699795 0.29864245642092602}
0.65969001747401201 3.1190115555617219 -2.86487980121264
0.58294997978269703 3.120947562802463 -2.8813889206574599
0.50668306994512302 3.1169876559111471 -2.8996374859430798
0.43135949882176 3.10715624903056 -2.9195129885962499
0.35744366127621202 3.0915139560533982 -2.94089288953383
0.285391273026457 3.0701572169174538 -2.9636453745570099
0.21564656100590701 3.043217703021337 -2.9876301670296401
0.14863952455663701 3.0108615054265151 -3.01269939273039
0.084783284340458301 2.9732881108506861 -3.0386984915464401
0.0244715353126581 2.9307291717658339 -3.0654671703880201
-0.031923880538315498 2.8834470781836981 -3.09284039144858
-0.084055266720361996 2.831733339934106 -3.1206493897177499
-0.13160121590222501 2.7759067894099281 -3.1487227134737901
-0.17426859149656501 2.716311615859357 -3.1768872813404001
-0.21179433494450101 2.65331524334474 -3.2049694493910201
-0.2439470875591 2.587306065451048 -3.2327960817213501
-0.27052861692861901 2.518691050710276 -3.2601956178897802
-0.29137503908523799 2.4478932335051069 -3.2869991306445598
-0.30635782890422403 2.3753491059212761 -3.31304136741648
-0.31538461250405903 2.301505926628705 -3.3381617691559198
-0.31839973676214001 2.2268189633830842 -3.36220546023279
-0.31538461243478499 2.1517486861487569 -3.3850242032962399
-0.30635782876610401 2.076757928148274 -3.4064773132072999
-0.29137503887912303 2.0023090323416648 -3.4264325244094702
-0.27052861665577899 1.928861000928348 -3.4447668063899202
-0.243947087221217 1.856866665445936 -3.4613671222034599
-0.21179433454365901 1.786769894913222 -3.4761311253829499
-0.17426859103523601 1.7190028592300839 -3.4889677909392498
-0.13160121538325201 1.6539833647063329 -3.49979797656058
-0.084055266146945598 1.5921122781468851 -3.5085549105511902
-0.031923879913989997 1.533771055374602 -3.5151846035010399
0.0244715359840426 1.479319389428301 -3.5196461811485098
0.0847832850547625 1.4290929929355569 -3.52191213638377
0.14863952530945801 1.383401528332719 -3.5219684988392901
0.215646561792602 1.3425266986930191 -3.5198149210217902
0.28539127384217799 1.3067205109334441 -3.5154646804546501
0.35744366211592798 1.2762037221082989 -3.5089445978175799
0.43135949968029402 1.251164478368552 -3.5002948715881601
0.506683070817182 1.231757154978252 -3.4895688302049499
0.58294998066290504 1.2181014045396901 -3.4768326032798198
0.65969001835694097 1.2102814192953191 -3.46216471388701
0.73643005604825496 1.208345412054578 -3.4456555944421901
0.81269696588582896 1.2123053189458941 -3.4274070291565701
0.88802053700919303 1.2221367258264799 -3.4075315265034001
0.96193637455474001 1.237779018803643 -3.3861516255658199
1.033988762804495 1.259135757939587 -3.36339914054264
1.103733474825046 1.286075271835704 -3.3394143480700098
1.1707405112743161 1.318431469430527 -3.3143451223692599
1.234596751490495 1.3560048640063549 -3.2883460235532098
1.294908500518295 1.3985638030912071 -3.2615773447116299
1.3513039163692679 1.4458458966733421 -3.2342041236510699
1.4034353025513151 1.497559634922935 -3.2063951253819001
1.4509812517331779 1.5533861854471129 -3.1783218016258599
1.493648627327518 1.612981358997684 -3.1501572337592498
1.531174370775453 1.675977731512301 -3.1220750657086298
1.563327123390053 1.741986909405993 -3.0942484333782998
1.589908652759572 1.810601924146765 -3.0668488972098702
1.610755074916191 1.881399741351933 -3.0400453844550901
1.625737864735177 1.9539438689357651 -3.0140031476831699
1.634764648335012 2.0277870482283351 -2.9888827459437302
1.6377797725930929 2.1024740114739568 -2.9648390548668599
1.6347646482657381 2.1775442887082841 -2.9420203118034101
1.6257378645970559 2.252535046708767 -2.9205672018923501
1.610755074710075 2.3269839425153762 -2.9006119906901802
1.5899086524867321 2.400431973928693 -2.8822777087097302
1.563327123052171 2.4724263094111052 -2.8656773928961901
1.5311743703746119 2.5425230799438192 -2.8509133897167001
1.493648626866189 2.610290115626956 -2.8380767241604001
1.4509812512142051 2.6753096101507081 -2.8272465385390699
1.403435301977898 2.7371806967101571 -2.8184896045484602
1.3513039157449429 2.795521919482439 -2.81185991159861
1.29490849984691 2.84997358542874 -2.8073983339511401
1.2345967507761899 2.9001999819214839 -2.8051323787158799
1.1707405105214961 2.9458914465243211 -2.8050760162603599
1.10373347403835 2.9867662761640221 -2.8072295940778602
1.033988761988776 3.0225724639235971 -2.8115798346449998
0.96193637371502505 3.0530892527487419 -2.81809991728207
0.88802053615065901 3.0781284964884899 -2.8267496435114898
0.81269696501377098 3.097535819878789 -2.8374756848947
0.73643005516804805 3.1111915703173509 -2.8502119118198301

/group/renal/55
55
pathId 3 posId 55 pos {0.47673340895724398 1.965525918234462 -2.5212726134626} nrm {-0.29948132891422802 -0.28106567089301399 0.91176368773779704} xhat {0 0.95562480099480995 0.29458655726904898}
0.47673340825407001 2.9211507192915689 -2.2266860563956401
0.40187541547171701 2.9251267573252449 -2.2500485171370901
0.32747894711201098 2.923186537086266 -2.2750831646235601
0.254002682141725 2.9153420206775942 -2.3016356519284198
0.18189962616774 2.9016415721514561 -2.3295422741378302
0.111614318506834 2.8821696593288761 -2.3586309776459902
0.043580091452973299 2.857046333027474 -2.3887224209228002
-0.021783601360379601 2.826426486908252 -2.4196310802140202
-0.084073771031396599 2.7904989025046669 -2.4511663933569601
-0.14290637795047201 2.7494850853217012 -2.4831339346595298
-0.19791869953212299 2.7036378991807641 -2.5153366135993198
-0.24877156652034599 2.6532400072301541 -2.5475758899521899
-0.29515145407986298 2.5986021292327441 -2.5796529978587799
-0.33677241478099401 2.5400611258753258 -2.6113701712821098
-0.37337784156064102 2.4779779219104592 -2.6425318633010102
-0.40474204979016798 2.4127352809353471 -2.6729459517218599
-0.43067166869618201 2.3447354455269789 -2.7024249235758502
-0.45100683355565602 2.274397657282889 -2.7307870311987199
-0.46562217131510097 2.2021555720572912 -2.7578574127656399
-0.47442757355713699 2.1284545863285289 -2.7834691703724301
-0.47736875204884999 2.0537490911816878 -2.8074643990166699
-0.47442757344679698 1.978499670836444 -2.8296951601345399
-0.46562217109510001 1.9031702629922 -2.8500243936912701
-0.45100683322735102 1.8282252984978831 -2.8683267632018299
-0.43067166826159697 1.7541268379813311 -2.8844894284720399
-0.40474204925198198 1.681331723091867 -2.8984127412958598
-0.37337784092217302 1.6102887599196181 -2.91001085981978
-0.33677241404618002 1.541435951956722 -2.9192122777863099
-0.295151453253234 1.475197799660152 -2.9259602653939298
-0.24877156560699701 1.411982683265238 -2.93021321905508
-0.19791869853768601 1.352180344985713 -2.9319449178962098
-0.14290637688107699 1.296159486123367 -2.93114468541811
-0.084073769893637601 1.244265493901912 -2.9278174553201102
-0.0217836001612715 1.1968183120398961 -2.9219837410821801
0.043580092706037799 1.1541104681912879 -2.9136795094924999
0.11161431980613 1.1164052704152141 -2.90295595890026
0.18189962750525601 1.0839351837942139 -2.8898792035608101
0.25400268350921501 1.0569003972097051 -2.87452986601927
0.32747894850104298 1.035467589110961 -2.8570025800457599
0.40187541687372902 1.0197688998870409 -2.8374054071867301
0.476733409660417 1.009901117177356 -2.8158591705295599
0.55159140244277005 1.00592507914368 -2.7924967097881099
0.62598787080247698 1.0078652993826589 -2.7674620623016399
0.69946413577276201 1.01570981579133 -2.74090957499679
0.77156719174674604 1.0294102643174681 -2.7130029527873698
0.84185249940765305 1.0488821771400481 -2.6839142492792099
0.90988672646151403 1.07400550344145 -2.6538228060024101
0.975250419274867 1.1046253495606719 -2.6229141467111901
1.037540588945884 1.1405529339642571 -2.5913788335682502
1.096373195864959 1.1815667511472241 -2.5594112922656702
1.151385517446611 1.2274139372881601 -2.5272086133258802
1.202238384434833 1.277811829238771 -2.4949693369730102
1.248618271994351 1.3324497072361809 -2.4628922290664201
1.2902392326954819 1.3909907105935979 -2.4311750556430902
1.326844659475128 1.453073914558465 -2.4000133636241898
1.3582088677046551 1.518316555533578 -2.3695992752033401
1.3841384866106701 1.5863163909419451 -2.3401203033493601
1.404473651470143 1.6566541791860341 -2.3117581957264801
1.4190889892295879 1.7288962644116339 -2.2846878141595601
1.4278943914716249 1.8025972501403951 -2.2590760565527699
1.4308355699633379 1.8773027452872371 -2.2350808279085301
1.427894391361284 1.95255216563248 -2.2128500667906601
1.419088989009587 2.027881573476725 -2.1925208332339299
1.4044736511418381 2.1028265379710418 -2.1742184637233701
1.384138486176085 2.1769249984875931 -2.1580557984531601
1.35820886716647 2.2497201133770561 -2.1441324856293398
1.32684465883666 2.3207630765493059 -2.1325343671054302
1.290239231960667 2.3896158845122022 -2.1233329491388901
1.248618271167721 2.455854036808772 -2.11658496153128
1.202238383521484 2.5190691532036871 -2.11233200787012
1.1513855164521729 2.5788714914832109 -2.1106003090289902
1.0963731947955639 2.6348923503455568 -2.11140054150709
1.037540587808125 2.6867863425670131 -2.1147277716050898
0.97525041807575896 2.7342335244290279 -2.1205614858430302
0.90988672520845004 2.7769413682776358 -2.1288657174327099
0.84185249810835805 2.8146465660537099 -2.13958926802494
0.77156719040923105 2.84711665267471 -2.1526660233644002
0.699464134405272 2.87415143925922 -2.1680153609059398
0.62598786941344398 2.8955842473579638 -2.1855426468794401
0.55159140104075799 2.911282936581884 -2.2051398197384802

/group/renal/59
59
pathId 3 posId 59 pos {0.29124076779562902 1.797095879731716 -1.97495200493916} nrm {-0.31015772535610597 -0.280611662494273 0.90832773835996405} xhat {0 0.95544542064960503 0.295167830495974}
0.291240767262194 2.7525413004298498 -1.67978417460027
0.21665087292117699 2.7567788000494908 -1.70394455110631
0.14252085008571799 2.7550995353384198 -1.72977577868435
0.069307734997331602 2.7475138595219901 -1.7571185992266201
-0.0025370891436308201 2.7340685408141039 -1.7858044351520601
-0.072570675105512197 2.714846474075618 -1.8156564287432
-0.14036124254232701 2.6899661697399622 -1.8464905325327301
-0.205490840063175 2.6595810231569028 -1.8781166440174299
-0.26755792204155299 2.6238783688592151 -1.91033977770323
-0.32617982427766401 2.5830783255829779 -1.94296126725569
-0.38099512325046198 2.5374324391623841 -1.9757799903439599
-0.43166586441384303 2.487222131666011 -2.0085936086268901
-0.47787964579880399 2.4327569663361959 -2.0411998152361099
-0.51935154407546402 2.374372739028705 -2.0733975820652102
-0.55582587120014304 2.3124294079196108 -2.1049883991748599
-0.58707775081717195 2.2473088742434522 -2.1357774986725602
-0.61291450469640696 2.179412627745116 -2.1655750555214799
-0.63317684065859103 2.1091592713620568 -2.1941973578749701
-0.64773983466460605 2.0369819403979892 -2.2214679397211299
-0.65651370101371898 1.963325632099703 -2.2472186688544999
-0.65944434590227996 1.888644462101067 -2.27129078346697
-0.65651370093001404 1.813398864649131 -2.2935358709671698
-0.647739834497711 1.738052753873887 -2.3138167829934302
-0.63317684040953603 1.6630706636033881 -2.33200848097901
-0.61291450436672601 1.5889148833582269 -2.3479988070564799
-0.58707775040889898 1.516042608182915 -2.3616891755482401
-0.55582587071579403 1.4449031198863971 -2.3729951807800398
-0.51935154351802604 1.3759350170703031 -2.3818471174699898
-0.477879645171714 1.309563511022716 -2.3881904104848402
-0.43166586372096699 1.246197804149183 -2.3919859513137798
-0.38099512249607098 1.186228567103816 -2.39321033918546
-0.32617982346641 1.130025530174795 -2.3918560253415002
-0.26755792117843802 1.0779352037741929 -2.3879313595771099
-0.20549083915351901 1.0302787420860611 -2.38146053876181
-0.14036124159173899 0.98734996304408895 -2.3724834576576801
-0.072570674119853296 0.949413536846337 -2.3610554629549201
-0.0025370881289776799 0.91670335417545701 -2.3472470120410698
0.069307736034723497 0.88942108418485299 -2.3311432386077802
0.14252085113945301 0.86773493114129496 -2.3128434277733199
0.21665087398475799 0.85177859738967199 -2.2924604039567802
0.29124076832906398 0.84165045903358304 -2.2701198352780501
0.36583066267008002 0.837412959413941 -2.2459594587720102
0.43996068550554002 0.83909222412501305 -2.2201282311939701
0.51317380059392603 0.84667789994144205 -2.1927854106517
0.58501862473488797 0.86012321864932795 -2.1640995747262499
0.65505221069677 0.87934528538781398 -2.1342475811351198
0.722842778133584 0.904225589723471 -2.1034134773455802
0.78797237565443301 0.93461073630652902 -2.0717873658608901
0.85003945763281097 0.97031339060421795 -2.0395642321750902
0.90866135986892105 1.0111134338804539 -2.0069427426226301
0.96347665884171996 1.056759320301049 -1.9741240195343499
1.014147400005101 1.1069696277974219 -1.94131040125143
1.060361181390062 1.161434793127236 -1.9087041946422101
1.1018330796667219 1.2198190204347279 -1.8765064278131001
1.138307406791401 1.281762351543821 -1.8449156107034499
1.169559286408429 1.346882885219981 -1.8141265112057601
1.1953960402876651 1.4147791317183169 -1.7843289543568299
1.215658376249849 1.485032488101375 -1.75570665200334
1.230221370255864 1.557209819065444 -1.7284360701571799
1.238995236604977 1.630866127363729 -1.7026853410238201
1.2419258814935381 1.7055472973623651 -1.67861322641135
1.2389952365212711 1.780792894814301 -1.65636813891114
1.230221370088969 1.856139005589545 -1.6360872268848801
1.2156583760007931 1.9311210958600451 -1.6178955288993
1.1953960399579839 2.005276876105206 -1.6019052028218399
1.169559286000156 2.0781491512805181 -1.5882148343300699
1.138307406307052 2.1492886395770352 -1.57690882909827
1.101833079109285 2.218256742393129 -1.56805689240832
1.060361180762972 2.284628248440717 -1.5617135993934801
1.014147399312225 2.3479939553142501 -1.55791805856454
0.96347665808732896 2.4079631923596172 -1.55669367069285
0.90866135905766798 2.4641662292886379 -1.55804798453681
0.85003945676969495 2.5162565556892398 -1.5619726503011999
0.78797237474477799 2.563913017377371 -1.5684434711165101
0.72284277718299705 2.606841796419344 -1.5774205522206299
0.655052209711111 2.6447782226170951 -1.5888485469233899
0.58501862372023505 2.6774884052879759 -1.60265699783725
0.51317379955653397 2.7047706752785792 -1.6187607712705401
0.43996068445180497 2.7264568283221382 -1.6370605821049999
0.36583066160650002 2.7424131620737611 -1.6574436059215301

