/group/right_iliac/2
2
pathId 2 posId 2 pos {0.54318034607095 3.0944840551235941 -6.4207329406751796} nrm {0.062568422415013605 0.11961824799626 -0.99084643979922604} xhat {0 0.99279163950664895 0.119853078916228}
1.289978900029382 3.221553514929838 -6.3582350286888003
1.267763758538597 3.287601560292738 -6.3516642963069101
1.240741749765468 3.3552545820298989 -6.3452033417238498
1.209561785449627 3.422883454753451 -6.3390078629040998
1.1748727773307099 3.488859053075521 -6.3332335578121102
1.1373236371483479 3.5515522516082338 -6.32803612441234
1.097563276642177 3.6093339249637211 -6.3235712606692704
1.0475510987148859 3.6703743876977928 -6.3193603566579197
0.99464290258131305 3.7220580438731949 -6.3164619109008697
0.93819239439638902 3.7644466237450001 -6.3149092762779402
0.87755328031504698 3.7976018575682819 -6.3147358056689704
0.81207926649221895 3.8215854755981131 -6.3159748519537997
0.74147404750418899 3.8366070967291162 -6.3186198171235599
0.66684127161265205 3.8434678944141081 -6.3225042996146703
0.58963457550065701 3.843116930745452 -6.3274219469748596
0.51130759585124996 3.8365032678155129 -6.3331664067518503
0.43331396934748001 3.824575967716656 -6.3395313264933799
0.35700493179159498 3.8079886024591199 -6.3463524873296198
0.28332211546265201 3.7862127837246402 -6.3536342047206
0.213104751758906 3.758424633112825 -6.3614229277087802
0.14719207207861401 3.7238002722232859 -6.3697651053366302
0.086423307820033393 3.6815158226556322 -6.3787071866466301
0.031494748817210899 3.6310996146269519 -6.3882621341419901
-0.017469081352642201 3.5734888128242539 -6.3983089641688702
-0.060486600676523998 3.509972790552025 -6.4086932065341697
-0.097576227141433297 3.441840921114752 -6.4192603910448103
-0.12875637873436799 3.3703825778169239 -6.4298560475076796
-0.153841562513757 3.2967954013467962 -6.4403238927412199
-0.17183064182374899 3.221910101927707 -6.4505003916099604
-0.181518569079923 3.146465657166762 -6.4602201959899999
-0.18170029669786 3.0712010446710698 -6.4693179577573998
-0.17117077709313799 2.996855242047737 -6.4776283287882297
-0.149224784017391 2.9241730148161369 -6.4850168397938797
-0.117156376566467 2.8539222801447139 -6.4914725368269997
-0.076759435172268103 2.786876743114179 -6.4970153447755301
-0.029827840266695799 2.7238101088052429 -6.5016651885274301
0.0218445277183477 2.6654960822986151 -6.5054419929706402
0.076810273760659506 2.6124931932714799 -6.5083697652682897
0.13500794447683201 2.5644992697869098 -6.51048884168417
0.19672257189315701 2.520996964504453 -6.5118436407572498
0.262239188035925 2.4814689300836519 -6.5124785810264996
0.33184282493142903 2.445397819184056 -6.5124380810308704
0.393016092678111 2.417849155917799 -6.5119010105177004
0.45644588164195299 2.393501259620916 -6.51083500573134
0.52135256527689999 2.373513524915035 -6.5091493419304696
0.586956517036898 2.3590453464217869 -6.5067532943737696
0.65247811037589498 2.351256118762802 -6.5035561383199196
0.71713771874783605 2.35130523655971 -6.4994671490276197
0.78025916087362002 2.3600622065167531 -6.4944240634146002
0.841580036541966 2.3772369836686118 -6.4884784650347704
0.90094139080854097 2.4022496351325842 -6.4817103991011003
0.95818426872901696 2.4345202280259608 -6.4741999108265604
1.013149715359063 2.473468829466039 -6.46602704542412
1.06567877575435 2.518515506570111 -6.4572718481067604
1.115494876912402 2.5689799195335459 -6.4480339134981897
1.161850973598167 2.6237801008640109 -6.4384910338652199
1.2038824025184469 2.6817336761472439 -6.4288405508853801
1.2407245003800429 2.7416582709689861 -6.4192798062362497
1.271512603889758 2.8023715109149769 -6.4100061415953604
1.295382049754394 2.8626910215709569 -6.4012168986402802
1.3140360558240529 2.9334613422137341 -6.3914953375889096
1.3221524118144869 3.0033474126966859 -6.3825459429244198
1.3204014497975911 3.0737345721941378 -6.3741591417904804
1.309453501845258 3.146008159880413 -6.3661253613307096

/group/right_iliac/11
11
pathId 2 posId 11 pos {0.71642386118066104 3.1838320209350939 -7.16314541682301} nrm {0.40137129577741198 0.109028049488174 -0.90940308298947703} xhat {0 0.99288978966736297 0.119037244483817}
1.4093180934793039 3.3683825349733651 -6.8352061132222097
1.385175176043141 3.438261333878105 -6.8374839578609503
1.3525375014738621 3.504462880272432 -6.8439518985095198
1.3127248893751631 3.5663007692097008 -6.8541097134872802
1.267057159350742 3.6230885957432659 -6.8674571811136103
1.216854131004298 3.6741399549264799 -6.8834940797078801
1.1632420500499909 3.7189765826245189 -6.9017806699375699
1.106572866643833 3.7579527779498498 -6.9221191418626304
1.0470049570522979 3.791630980826763 -6.9443721678911103
0.98469669754186195 3.8205736311795468 -6.96840242043106
0.91980646437899904 3.8453431689324922 -6.9940725718905403
0.852638623270351 3.8661450554518608 -7.0212236574381404
0.78408149768322899 3.8817568378718148 -7.0496101632846004
0.71516940052511202 3.8905990847684868 -7.0789649384012199
0.646936644703478 3.8910923647180131 -7.1090208317592802
0.58041754312580496 3.8816572462965269 -7.13951069233008
0.51653490999757201 3.861266551274126 -7.1701503722649003
0.455765564716266 3.8311021141967569 -7.2005877364351001
0.39847482797737199 3.7928980228043319 -7.2304536528920202
0.34502802047637599 3.748388364836762 -7.2593789896870096
0.29579046290876398 3.6993072280339558 -7.2869946148714204
0.25110752971363698 3.6470378050134831 -7.3129822685165804
0.211244810304557 3.5915597079035408 -7.33722717877375
0.17644794783869699 3.5325016537099869 -7.3596654458141497
0.14696258547323299 3.4694923594386742 -7.3802331698090198
0.123034366365341 3.402160542095459 -7.3988664509296003
0.10508318322561699 3.33054496686113 -7.4153753207401198
0.0942259269783432 3.256324591616202 -7.4290655363768003
0.091753738101223295 3.1815884224161231 -7.4391167863688796
0.098957757071960695 3.1084254653163419 -7.4447087592455903
0.11712912436825899 3.0389247263723069 -7.4450211435361604
0.14692409790713401 2.9746514306767651 -7.43957663614745
0.18645940536285299 2.9150756794716641 -7.4292699674968699
0.233216891848993 2.85914379303625 -7.4153388763794403
0.28467840247913301 2.8058020916497699 -7.3990211015901997
0.33832578236685301 2.753996895591472 -7.3815543819241798
0.39215349094262902 2.7031041084480951 -7.36389870456689
0.44620644490453198 2.654217967036355 -7.3459030502657603
0.50104217526753103 2.60886229148046 -7.32713864815869
0.55721821304659702 2.5685609019046192 -7.3071767273835704
0.61529208925669898 2.5348376184330399 -7.2855885170782999
0.67564388212079096 2.509095229996563 -7.2620380798010196
0.73794385869377399 2.4922524007525482 -7.2365608117907403
0.80168483323853101 2.4851067636649899 -7.2092849427067396
0.86635962001794797 2.488455951697881 -7.1803387022082603
0.93146103329490904 2.5030975978152128 -7.1498503199545702
0.98560196592815696 2.5242101328459681 -7.12342364229215
1.0389720591268241 2.5524373208673472 -7.0964842150129401
1.090856417372698 2.5864979183085581 -7.06950117190011
1.140540145147567 2.625110681598811 -7.0429436467368598
1.18730834693322 2.6669943671673191 -7.01728077330635
1.230446127211442 2.7108677314432899 -6.9929816853917801
1.2766366851184059 2.7648270536424691 -6.9661260580397597
1.316678352168251 2.8205259342791411 -6.9417757430421396
1.350679494020784 2.878683785193989 -6.9197966489625697
1.37874847633581 2.9400200182276959 -6.9000546843647301
1.4009936647731329 3.0052540452209442 -6.8824157578123
1.4173687257652949 3.0747317742621711 -6.8668588388110399
1.427208528835777 3.1473050984308242 -6.8538151406351204
1.429693244280795 3.2214524070541062 -6.8438289375008301
1.4240030423965651 3.2956520894592201 -6.8374445036244298

/group/right_iliac/29
29
pathId 2 posId 29 pos {1.604945314185817 3.331382929440236 -8.2044213970321795} nrm {0.73517200088919998 0.13185303552548699 -0.66493376070950405} xhat {0 0.98090098069395903 0.19450775324811501}
1.9347003698348999 3.3384552001953121 -7.8384313583373997
1.922300046581547 3.4031564531651322 -7.8393115430376303
1.9076427161491289 3.466738685424041 -7.8429090256574003
1.8903644332024601 3.5288457807503621 -7.8496968381368504
1.8701012524063589 3.589121622922423 -7.8601480124160901
1.846489228425642 3.6472100957185472 -7.8747355804352397
1.8192644555461119 3.702652350274978 -7.8938423265928801
1.788563186537514 3.754578607159635 -7.9174900451214096
1.7546217137905791 3.8020163542983521 -7.9456102827116499
1.717676329696038 3.843993079616967 -7.9781345860544404
1.677963326644621 3.879536271041315 -8.0149945018406292
1.635832451531559 3.90782947972435 -8.0559652108994992
1.59208726927008 3.9286805097274811 -8.1001964306140497
1.547644799277913 3.9420532283392351 -8.1466815125057508
1.5034220609727851 3.94791150284814 -8.1944138080960496
1.4603360737724249 3.946219200542723 -8.2423866689064198
1.4191434705995649 3.9370564547034852 -8.28974769316277
1.379959338396952 3.920968462578831 -8.3362614659089402
1.3427383776123381 3.898616687409139 -8.3818468188932194
1.307435288693473 3.8706625924347899 -8.4264225838639106
1.2740047720881089 3.8377676408961632 -8.4699075925693101
1.2425465737210879 3.8004685062486332 -8.5120850783595294
1.2137406214256179 3.7588027028075581 -8.5521958809919898
1.1884118885119961 3.712682955103292 -8.5893452418258693
1.1673853482905201 3.6620219876661899 -8.6226384022204101
1.1514859740714889 3.606732525026604 -8.6511806035348098
1.1413512608534111 3.5469681071689969 -8.67423660986905
1.13686879038764 3.483845535894265 -8.6917092762861898
1.1377386661137401 3.418722428457412 -8.70366098059006
1.1436609914712741 3.352956402113441 -8.7101541005844805
1.154335869899807 3.287905074117357 -8.7112510140732908
1.1694306562421031 3.22469844477726 -8.7070954296869907
1.1884817109537309 3.163556046613643 -8.6981563793629206
1.210992645893461 3.1044697952000999 -8.6849842258651009
1.236467072920064 3.0474316061102211 -8.6681293319575499
1.2644086038923079 2.992433394917597 -8.6481420604042807
1.2944185726205839 2.939569021579842 -8.6254445417937102
1.326489200721767 2.8893401235906571 -8.5999459780118404
1.3607104317643479 2.842350282827764 -8.5714273387690696
1.3971722093168231 2.7992030811688848 -8.5396695937757894
1.4359644769476849 2.760502100491744 -8.5044537127424
1.4770143257806689 2.7269294905366799 -8.4657251062667207
1.5195974371604739 2.699481672494497 -8.4240869484962104
1.5628266399870381 2.6792336354186159 -8.3803068544657702
1.6058147631603019 2.6672603683624581 -8.3351524392102991
1.6476746355802041 2.664636860379443 -8.2893913177646894
1.6876810668779609 2.6720454057402669 -8.2436899123002991
1.7257567896098951 2.68859751958473 -8.1983098735342992
1.7619865170636051 2.7130120222699028 -8.1534116593203301
1.796454962526691 2.744007734152861 -8.1091557275120199
1.8292468392867509 2.7803034755906739 -8.0657025359630197
1.860254719118644 2.8208208585373562 -8.0233847522028601
1.888602607746263 2.8652926613346632 -7.9832238824647002
1.9132223693807571 2.9136544539212932 -7.9464136426575802
1.9330458682332781 2.96584180623594 -7.91414774869056
1.9470049685149771 3.0217902882173009 -7.8876199164727003
1.9543775394856731 3.0812975546777999 -7.8676686588722502
1.955825470599857 3.1436095999247811 -7.8537116765942496
1.952356656360684 3.2078345031393121 -7.8448114673029501
1.944978991271312 3.2730803435024658 -7.84003052866258

/group/right_iliac/41
41
pathId 2 posId 41 pos {2.255853523433919 3.4557040810436499 -8.8283358738711399} nrm {0.69623910398653899 0.062802046982546503 -0.715057349430676} xhat {0 0.99616529321026004 0.087491191575590196}
2.8166425228118901 3.57524585723877 -8.2718057632446307
2.799107439525871 3.6386009515899032 -8.2833149645672002
2.7776085318355772 3.7002440152319771 -8.2988340166570005
2.7526976417110709 3.7602791492198069 -8.3178164763911102
2.7249266111224149 3.818810454608208 -8.3397159006465795
2.6948472820396701 3.875942032451996 -8.3639858463004693
2.663011496432897 3.9317779838059832 -8.3900798702298403
2.6298402951922739 3.986232147362188 -8.4175955919597794
2.5952315148884342 4.0384573123614294 -8.4467068816074899
2.558952191012128 4.0874160056817281 -8.4777316719381908
2.5207693590541029 4.1320707542011048 -8.5109878957171006
2.4804500545051091 4.171384084797582 -8.5467934857094399
2.437761312855895 4.204318524349179 -8.5854663746804203
2.392622601403243 4.230033032901634 -8.6271588274563005
2.34556311466807 4.2484723031715523 -8.6713604371073494
2.297264478977326 4.2597774610432557 -8.7173951287648901
2.2484083206579588 4.2640896324010651 -8.7645868275602208
2.1996762660369189 4.2615499431293031 -8.8122594586246503
2.1517499414411572 4.2522995191122916 -8.8597369470894893
2.1052501487629862 4.2365092748603814 -8.9063998238142403
2.060554392156178 4.2144692793880374 -8.9518550425711805
2.0179793513398709 4.1864993903357526 -8.9957661628608001
1.9778417060332021 4.1529194653440262 -9.03779674418357
1.9404581359553059 4.1140493620533487 -9.07761034603997
1.906145320825321 4.0702089381042166 -9.1148705279304796
1.875181095598329 4.0217511629070737 -9.1492757648505005
1.847687916173185 3.969161452952167 -9.1806641937751294
1.8237493936846909 3.91295833649969 -9.2089088671743795
1.8034491392676471 3.853660341809841 -9.2338828375182693
1.786870764056856 3.7917859971428149 -9.2554591572768192
1.774097879187116 3.7278538307588072 -9.2735108789200194
1.765173518610587 3.662351133041533 -9.28795330618936
1.75997840754885 3.595640242868777 -9.2988707479120301
1.7583526940408449 3.528052261241843 -9.3063897641866902
1.7601365261255111 3.4599182891620348 -9.3106369151120099
1.765170051841787 3.3915694276306572 -9.3117387607866196
1.7732934192286109 3.3233367776490108 -9.3098218613091994
1.7844084755109779 3.2556011804630911 -9.3049483351407307
1.7986638646580979 3.188942438297643 -9.2969225341915802
1.8162699298252349 3.1239900936220981 -9.2854843687344708
1.8374370141676539 3.0613736889058911 -9.2703737490421094
1.86237546084062 3.0017227666184572 -9.2513305853872101
1.891295612999397 2.9456668692292292 -9.2280947880424797
1.9242875454532791 2.8937710736786522 -9.2005290292561792
1.960960259627675 2.8463425947912211 -9.1689870291787692
2.000802488602023 2.8036241818624421 -9.1339452699362607
2.04330296545576 2.76585858418782 -9.0958802336546398
2.0879504232683259 2.7332885510628642 -9.0552684024599408
2.134233595119158 2.706156831783078 -9.0125862584781498
2.1816581699066591 2.6846971624142948 -8.96829456811661
2.229797659805103 2.669107226103657 -8.9227912349079901
2.2782425328077252 2.659575692768632 -8.8764584466662892
2.3265832569077629 2.656291232326689 -8.8296783912054906
2.374410300098456 2.659442514695296 -8.7828332563395897
2.4213141303730401 2.669218209791921 -8.7363052298825892
2.4669269651530779 2.6856916584846209 -8.6904459765681601
2.511048019573431 2.7084748854438141 -8.6454850688086609
2.5535182581972848 2.7370645862905039 -8.6016215559361306
2.5941786455878262 2.770957456645696 -8.5590544872825998
2.6328701463082389 2.8096501921303969 -8.5179829121801092
2.6694337249217108 2.852639488365611 -8.4786058799606998
2.7036596009138072 2.8994623374869972 -8.4411683128808104
2.7351350134596069 2.9498169176888198 -8.4060986248945095
2.7633964566565701 3.0034417036800001 -8.3738711028802904
2.787980424602158 3.0600751701694562 -8.3449600337166299
2.8084234113938278 3.1194557918661059 -8.3198397042819892
2.8242619111290419 3.1813220434788692 -8.2989844014548808
2.835125011294144 3.2453437584765972 -8.2827842804230105
2.8410121729310269 3.310916205367874 -8.2712929696111601
2.8420154504704662 3.3773660114212132 -8.2644799657533703
2.8382268983432382 3.4440198039051322 -8.2623147655836693
2.8297385709801199 3.5102042100881459 -8.2647668658360693

/group/right_iliac/55
55
pathId 2 posId 55 pos {2.9435031113114132 3.2227663281903851 -9.5761882045207507} nrm {0.56337274596432196 -0.51903882832929105 -0.642814004040964} xhat {0 0.77803411614425899 -0.62822202613058897}
3.6045467853546138 3.7490754127502441 -9.4218053817749006
3.5805362589900072 3.7863288805515651 -9.4729288171115709
3.5536576668586242 3.8211163616567321 -9.5245747270640404
3.5238797364593788 3.8529186897492642 -9.5763513217939007
3.4911711952911841 3.8812166985126781 -9.62786681146269
3.4555007708529502 3.9054912216304918 -9.6787294062319802
3.4168371906435908 3.9252230927862222 -9.7285473162633398
3.3751491821620179 3.9398931456633859 -9.7769287517183301
3.3227709630169882 3.9500851696183998 -9.8310635276877498
3.2669162530442808 3.9528593994966452 -9.8822556906138104
3.2082677096909911 3.9483943813646141 -9.9300510984622203
3.1475079904042129 3.936868661288798 -9.9739956091986794
3.0853197526310421 3.9184607853356899 -10.0136350807889
3.0223856538185712 3.8933492995717809 -10.0485153711985
2.96833180006261 3.8666786709258409 -10.0743538893652
2.9144564324398048 3.8356486779281558 -10.0965159828155
2.8609844723755442 3.8006938806105519 -10.115155423480299
2.808140841295216 3.7622488390048581 -10.1304259832909
2.7561504606242102 3.7207481131429021 -10.1424814341784
2.7052382517879132 3.676626263056511 -10.151475548074
2.6556291362117128 3.630317848777513 -10.1575620969087
2.599728755558298 3.5740412767233121 -10.161113676921699
2.5464446614154919 3.51567251822331 -10.160683008562399
2.4963133425275492 3.4555040591616568 -10.1560360618848
2.449871287638723 3.393828385422502 -10.1469388069433
2.4076549854932638 3.3309379828899952 -10.1331572137919
2.3702009248354292 3.267125337448284 -10.1144572524849
2.3379030352261538 3.2026603332479699 -10.0907115867365
2.3105850094931228 3.1377224475054599 -10.0622196549014
2.287927981280701 3.072468555703614 -10.029387588994499
2.269613084233256 3.0070555333252882 -9.9926215210308094
2.255321451995155 2.941640255853343 -9.9523275830250704
2.2447342182107661 2.8763795987706349 -9.9089119069922003
2.2377286992449572 2.811608680765826 -9.8627526067363203
2.2349669423446059 2.748375593350775 -9.8141157232184906
2.2373071774770921 2.6879066712431432 -9.7632392791890297
2.2456076346097928 2.63142824916059 -9.7103612973982401
2.2607265437100899 2.5801666618207788 -9.6557198005964402
2.2835221347453611 2.5353482439413688 -9.5995528115339397
2.3145163311547821 2.4978962141398129 -9.5421483526596393
2.352885830264714 2.4675213266327369 -9.4839944452168599
2.397471022873312 2.4436312195365559 -9.4256291101475007
2.447112299778734 2.4256335309676871 -9.3675903683934791
2.5006500517791368 2.4129358990425471 -9.3104162408966999
2.5569246696726768 2.4049459618775511 -9.2546447485990804
2.614937886859404 2.4012222481124001 -9.2007943350350203
2.6743368071469349 2.4019268484799161 -9.1493051341090208
2.7349298769447841 2.4073727442362038 -9.1005977023180495
2.7965255426624589 2.41787291663737 -9.0550925961590991
2.8589322507094739 2.4337403469395191 -9.0132103721291497
2.9219584474953382 2.455288016398756 -8.9753715867251795
2.9853850560141568 2.4826934800440492 -8.9419115869641992
3.0488829055984121 2.5155925879958119 -8.9128248819432194
3.1120953021651752 2.5534857641473221 -8.8880207712792707
3.174665551631521 2.5958734323918549 -8.8674085545893799
3.2362369599145242 2.6422560166226892 -8.8508975314905793
3.2964528329312568 2.6921339407331 -8.83839700159991
3.3548769169202788 2.7450459224216961 -8.8299168905479508
3.410754719406079 2.800683854608415 -8.8258696280195803
3.4632521882346312 2.8587779240185238 -8.8267682697132095
3.5115352712519079 2.919058317377293 -8.8331258713272902
3.5547699163038842 2.9812552214099921 -8.8454554885602299
3.592122071236532 3.0450988228418869 -8.8642701771104697
3.6229501562758979 3.1102516824643418 -8.8898597159668906
3.6473824811683122 3.1761058573330931 -8.9216207772801592
3.6657398280401758 3.2419857785699691 -8.9587267564914104
3.6783429790178919 3.3072158772968012 -9.0003510490417504
3.685512716227862 3.3711205846354182 -9.0456670503723302
3.687569821796489 3.4330243317076499 -9.0938481559242597
3.684807465792471 3.492364885845423 -9.1441834706719405
3.6774083700536928 3.549033359221049 -9.1964249377228793
3.6655276443603371 3.603034200216936 -9.2504402097178602
3.6493203984925842 3.6543718572154922 -9.3060969392976691
3.6289417422306158 3.7030507785991249 -9.3632627791030902

/group/right_iliac/71
71
pathId 2 posId 71 pos {3.4839539240826638 2.471412840117102 -10.2638661927191} nrm {0.38398448457566398 -0.71871364829812001 -0.57966076920485898} xhat {0 0.62778722330341497 -0.77838499616641399}
4.4557466506958008 2.982168436050415 -10.253400802612299
4.4390725716436066 3.0214509650970238 -10.313152067798701
4.4179241399035387 3.0584315649095939 -10.373013154183001
4.3926519139578248 3.0932011640274539 -10.4328645784024
4.3636064522886979 3.1258506909899322 -10.492586857094199
4.3311383133783874 3.156471074336356 -10.552060506895801
4.2955980557091236 3.1851532426060549 -10.611166044444399
4.2573362377631376 3.2119881243383568 -10.669783986377199
4.2167034180226599 3.2370666480725911 -10.727794849331699
4.1739747265142606 3.2603981110697151 -10.7850279045417
4.1291235794418713 3.281665285477207 -10.8411074416274
4.0820479645537642 3.3004693121641742 -10.8956065048055
4.0326458695982108 3.3164113319997242 -10.948098138293
3.9808152823234808 3.3290924858529651 -10.9981553863065
3.9264541904778492 3.338113914593003 -11.045351293063
3.8694605818095842 3.3430767590889481 -11.0892589027791
3.80973244406696 3.3435821602099058 -11.129451259671701
3.7472737804116552 3.3393407471782042 -11.1655669299534
3.6825126556589858 3.3305011026290412 -11.197506567820399
3.6159831500376769 3.3173212975508339 -11.225236349464501
3.5482193437764522 3.3000594029320038 -11.2487224510778
3.4797553171040358 3.2789734897609661 -11.2679310488522
3.4111251502491542 3.2543216290261401 -11.2828283189797
3.3428629234405292 3.2263618917159431 -11.2933804376521
3.2755027169068862 3.195352348818794 -11.2995535810616
3.2095187686818898 3.1615440054729822 -11.301344809353701
3.1451459480189712 3.1251596034162898 -11.298874718488401
3.0825592819765011 3.086414818536372 -11.292294788379699
3.021933797612848 3.0455253267208811 -11.281756498941199
2.9634445219863861 3.002706803857472 -11.2674113300867
2.907266482155483 2.9581749258337982 -11.2494107617299
2.8535747051785112 2.912145368537514 -11.2279062737848
2.8025442181138409 2.864833807856273 -11.203049346164899
2.754338655680669 2.81644545272691 -11.174986025372901
2.7090760832414951 2.7671436442829771 -11.1438406242669
2.6668631738196429 2.7170812567072078 -11.1097320222937
2.6278066004384368 2.6664111641823349 -11.072779098900201
2.592013036121203 2.6152862408910909 -11.0331007335331
2.559589153891265 2.5638593610162088 -10.9908158056394
2.5306416267719491 2.5122833987404229 -10.946043194666
2.5052771277865791 2.4607112282464638 -10.8989017800596
2.4836150870048659 2.4093172774935052 -10.849528715755
2.465825962682076 2.3583621895464688 -10.7981342536385
2.4520929701198559 2.3081281612467182 -10.7449469200842
2.442599324619859 2.258897389435615 -10.6901952414663
2.4375282414837329 2.2109520709545212 -10.634107744158699
2.4370629360131311 2.1645744026447988 -10.5769129545358
2.4413866235097008 2.120046581347812 -10.518839398971499
2.450682519275095 2.0776508039049211 -10.4601156038401
2.4650500206341981 2.0376153685757159 -10.400958789831501
2.4842532530048298 1.999952979292694 -10.341540954898999
2.507972523828049 1.964622441406582 -10.282022791311899
2.5358881405449099 1.931582560268104 -10.222564991339199
2.567680410596469 1.9007921412279869 -10.1633282472503
2.6030296414237828 1.872209989636954 -10.1044732513142
2.641616140467907 1.8457949108457321 -10.0461606958003
2.6831202151698981 1.8215057102050449 -9.9885512729775492
2.7272694316266559 1.7993601925417499 -9.9318475245389095
2.7739803905584628 1.779612160587219 -9.8764193898715806
2.8232169513414438 1.762574416548955 -9.8226786577864207
2.8749429733517249 1.7485597626344631 -9.7710371170942896
2.9291223159654312 1.7378810010512451 -9.7219065566060703
2.9857188385586881 1.730850934006805 -9.6756987651326103
3.0446964005076209 1.727782363708646 -9.6328255314847695
3.1060188611883568 1.728988092364272 -9.5936986444734202
3.169586536791468 1.7346843725312859 -9.5586522723483203
3.2350455707653141 1.7447012581676951 -9.5277101011148595
3.3019785633727028 1.7587722535816059 -9.5008181962173293
3.369968114876444 1.7766308630811261 -9.4779226231000102
3.438596825539344 1.7980105909743631 -9.4589694472072097
3.5074472956242109 1.8226449415694239 -9.4439047339831994
3.5761021253938532 1.850267419174416 -9.4326745488722796
3.6441439151110782 1.8806115280974469 -9.4252249573187399
3.7111801045940211 1.9134333370719261 -9.4215135498314897
3.7769174918821302 1.9485791725324799 -9.4215440171779807
3.8410877145701829 1.985917925339036 -9.4253315751902704
3.903422410252956 2.0253184863515239 -9.4328914397004198
3.9636532165252252 2.0666497464298721 -9.4442388265405093
4.0215117709817667 2.1097805964340091 -9.4593889515425893
4.0767297112173573 2.154579927223863 -9.4783570305387403
4.1290386748267736 2.2009166296593619 -9.5011582793610092
4.1781950854359096 2.2486452440378231 -9.5277737002001501
4.2240545107951348 2.297562908406102 -9.5580474406815608
4.2664973046859327 2.3474524102484469 -9.5917894347892805
4.3054038208897909 2.398096537049101 -9.6288096165073895
4.3406544131881946 2.449278076292309 -9.6689179198199504
4.3721294353626297 2.5007798154623169 -9.7119242787110291
4.3997092411945813 2.5523845420433702 -9.75763862716469
4.4232741844655372 2.6038750435197122 -9.8058708991649901
4.4427101766102632 2.6550273632083621 -9.8564189865117804
4.457925359676655 2.7055905677574348 -9.9090326122679997
4.4688334333658863 2.7553069796478158 -9.9634494573123895
4.4753480973791344 2.8039189213603941 -10.0194072025237
4.4773830514175739 2.8511687153760561 -10.0766435287806
4.4748519951823811 2.8967986841756881 -10.1348961169618
4.4676686283747324 2.9405511502401791 -10.193902647946199

/group/right_iliac/82
82
pathId 2 posId 82 pos {3.7800144041814572 1.810753140984676 -10.8078981105542} nrm {0.26671872889124298 -0.72676068008737305 -0.63299291744661701} xhat {0 0.65678535219060197 -0.75407758297662397}
4.8648486137390137 2.293699979782104 -10.9052791595459
4.841067594914902 2.3363654007756298 -10.9642851599581
4.8125805693088868 2.3769705556161829 -11.022908580154199
4.7796583285735981 2.4154021736727969 -11.0809052817226
4.7425716643616704 2.451546984314505 -11.1380311262517
4.7015913683257313 2.4852917169103401 -11.1940419753297
4.6569882321184153 2.5165231008293349 -11.2486936905453
4.6090330473923524 2.5451278654405232 -11.3017421334866
4.5579966058001764 2.5709927401129371 -11.352943165742101
4.5041239413510699 2.5940048527804112 -11.402063956721699
4.4475570574804424 2.6140529256359741 -11.448916907121401
4.3884121999802552 2.6310260794374578 -11.493325725459
4.3268056146424678 2.6448134349426931 -11.535114120251899
4.2628535472590423 2.655304112909509 -11.5741058000179
4.1966722436219399 2.6623872340957391 -11.610124473274499
4.1283779495231228 2.6659519192592098 -11.642993848539399
4.0580869107545512 2.6658872891577561 -11.6725376343301
3.9859760753870259 2.6621137141300588 -11.698589841134501
3.91246520060671 2.654676562838219 -11.721025687321101
3.8380347458786011 2.6436524535251889 -11.7397306932288
3.7631651706677012 2.629118004433924 -11.7545903791962
3.6883369344390098 2.611149833807374 -11.7654902655622
3.614030496657529 2.5898245598884939 -11.7723158726654
3.540726316788259 2.5652188009202379 -11.7749527208447
3.4689048542961989 2.537409175145557 -11.7732863304388
3.3989957867022378 2.506493216760739 -11.7672476342041
3.3312256637508111 2.4726521237753989 -11.756949214567801
3.2657702532422399 2.436088010152488 -11.7425490663747
3.2028053229768489 2.397002989854955 -11.724205184469501
3.1425066407549589 2.3555991768457489 -11.7020755636971
3.085049974376894 2.3120786850878212 -11.6763181989022
3.030611091642974 2.2666436285441192 -11.6470910849297
2.979365760353526 2.2194961211775932 -11.6145522166244
2.9314937352381469 2.1708431259620009 -11.5788634754771
2.8871907187435579 2.1209110019143349 -11.540202289563201
2.8466564002457542 2.0699309570623932 -11.4987499736042
2.8100904691207309 2.0181341994339741 -11.454687842321601
2.7776926147444869 1.965751937056879 -11.408197210436899
2.7496625264930179 1.9130153779589061 -11.359459392671599
2.7261998937423209 1.8601557301678551 -11.308655703747
2.7075044058683919 1.807404201711525 -11.2559674583848
2.69373240577541 1.7549837095422069 -11.201584716623801
2.68486685048028 1.703084006310158 -11.1457325197731
2.6808473505280901 1.6518865535901279 -11.088644654459101
2.6816135164639281 1.601572812956866 -11.0305549073083
2.6871049588328808 1.552324245985119 -10.9716970649472
2.6972612881800382 1.5043223142496389 -10.9123049140021
2.7120221150504862 1.4577484793251729 -10.8526122410996
2.7313270499893121 1.412784202786471 -10.792852832866201
2.7551078727907821 1.369615752570108 -10.7332692948101
2.7832650402458659 1.3284486220599709 -10.6741395079663
2.8156911783947152 1.2894931110017691 -10.615750172251801
2.8522789132774768 1.2529595191412159 -10.558387987583499
2.8929208709343008 1.219058146224024 -10.5023396538783
2.9375096774053362 1.1879992919959039 -10.447891871053001
2.9859379587307311 1.1599932562025681 -10.395331339024599
3.038098340950635 1.135250338589729 -10.34494475771
3.093845400023258 1.1139391342662239 -10.2969869759558
3.1528815115790612 1.096061419793402 -10.251585438328201
3.2148710011665629 1.0815772670957351 -10.208835738323099
3.2794781943342861 1.0704467480976969 -10.1688334694365
3.3463674166307502 1.062629934723762 -10.1316742251643
3.4152029936044759 1.0580868988984029 -10.097453599002501
3.485649250803986 1.056777712546094 -10.066267184447
3.5573705137778 1.0586624475913089 -10.0382105749937
3.630052104178942 1.0637001098034 -10.013369294232399
3.7034633280784561 1.0718454403312381 -9.9917885861275497
3.7773944876518839 1.0830521141685721 -9.9735036247375195
3.8516358850747729 1.0972738063091521 -9.9585495841205702
3.9259778225226678 1.114464191746726 -9.9469616383350203
4.0002106021711148 1.1345769454750441 -9.9387749614391598
4.0741245261956571 1.157565742487856 -9.9340247274912805
4.1475098967718411 1.18338425777891 -9.9327461105496795
4.2200942024961057 1.211980034866835 -9.9349937108031003
4.2913536776484627 1.2432760913697729 -9.9408998329620406
4.3607017429298178 1.277189313430743 -9.9506162078674496
4.427551819041077 1.313636587192766 -9.9642945663602696
4.4913173266831468 1.3525347987988621 -9.9820866392814498
4.5514116865569321 1.3938008343920509 -10.004144157471901
4.6072483193633387 1.4373515801153529 -10.030618851772701
4.6582406458032732 1.483103922111789 -10.061662453024599
4.7039398639174701 1.5309344284035971 -10.0973223499313
4.7444482811059796 1.58055839452989 -10.1372285626472
4.7800059821086833 1.631650797908998 -10.1809067691892
4.8108530516654602 1.683886615959254 -10.227882647574299
4.8372295745161908 1.736940826098988 -10.2776818758195
4.8593756354007551 1.790488405746532 -10.3298301319417
4.8775313190590337 1.8442043323202151 -10.3838530939581
4.8919367102309064 1.8977635832383699 -10.4392764398856
4.9027613255602729 1.950864779322838 -10.4956827242438
4.9098924093071128 2.0033011150095081 -10.5528820075636
4.9131466376354238 2.0548894281377792 -10.6107412268783
4.9123406867092054 2.105446556547049 -10.669127319221399
4.9072912326924563 2.1547893380767169 -10.7279072216262
4.8978149517491758 2.2027346105661829 -10.7869478711263
4.8837285200433618 2.2490992118548458 -10.8461162047551

/group/right_iliac/92
92
pathId 2 posId 92 pos {3.9473223099863768 1.2617584291337101 -11.3264600050796} nrm {0.17339464334777299 -0.69142211674116405 -0.70133426705064605} xhat {0 0.71212117647573603 -0.70205657180516001}
4.9475631713867188 1.6771301031112671 -11.4886665344238
4.9208393517566504 1.719981843835547 -11.5375197544837
4.8900908765278324 1.7610371772833919 -11.5855969599329
4.8554965298144097 1.800083761781895 -11.6326446137742
4.8172350957305259 1.836909255658147 -11.678409179010099
4.7754853583903261 1.8713013172392421 -11.722637118642901
4.7304261019079537 1.903047604852272 -11.765074895675401
4.6822361103975547 1.931935776824329 -11.8054689731099
4.6310941679732718 1.9577534914825061 -11.8435658139491
4.5771860294878861 1.980333646306075 -11.879154757076
4.5207253327487216 1.999690095383025 -11.912196644896101
4.4619326863017372 2.0158819319535271 -11.9426951956954
4.401028698692893 2.0289682492577499 -11.97065412776
4.3382339784681498 2.0390081405358629 -11.9960771593757
4.2737691341734649 2.0460606990280361 -12.018968008828701
4.2078547743548 2.0501850179744379 -12.039330394405001
4.1407115075581142 2.0514401906152382 -12.0571680343906
4.0725866162707156 2.0498583226178591 -12.072451444826401
4.0038340787453128 2.0453635693587362 -12.0850183327731
3.93483454717596 2.0378530986415551 -12.094673203046201
3.8659686737567132 2.027224078270002 -12.1012205604614
3.7976171106816281 2.0133736760477658 -12.1044649098343
3.7301605101447608 1.996199059778532 -12.104210755980301
3.6639795243401672 1.975597397265989 -12.1002626037151
3.599454805461904 1.951465856313823 -12.0924249578543
3.536936419247338 1.9237704835750411 -12.080577792086199
3.476652085607093 1.8927528410999339 -12.064902955590799
3.4187989379951 1.8587233697881109 -12.0456577664207
3.3635741098652971 1.821992510539185 -12.0230995426287
3.3111747346716158 1.7828707042527641 -11.9974856022674
3.261797945867992 1.741668391828459 -11.9690732633896
3.215640876908358 1.698696014165882 -11.938119844048
3.1729006612466502 1.6542640121646419 -11.904882662295099
3.1337473415994559 1.6086520352061611 -11.869595377549199
3.0982425977339871 1.562016566599103 -11.832397014689199
3.0664210186801082 1.514483298133944 -11.793402939959501
3.0383171934676829 1.4661779216011599 -11.752728519604499
3.0139657111265779 1.4172261287912249 -11.710489119868701
2.9934011606866582 1.3677536114946149 -11.6668001069964
2.9766581311777891 1.317886061501806 -11.621776847231899
2.963771211629834 1.267749170603272 -11.5755347068198
2.9547829789483102 1.217486440003885 -11.528204633357699
2.949767961541339 1.1673126085660921 -11.479979899857501
2.948808675692693 1.117460224566736 -11.4310693606841
2.9519876376861451 1.0681618362826599 -11.381681870202801
2.9593873638054662 1.019649991990708 -11.3320262827785
2.97109037033443 0.97215723996772097 -11.282311452776501
2.9871791735568092 0.92591612849054294 -11.232746234561899
3.007736289756374 0.88115920583601703 -11.183539482499601
3.0327919075175331 0.83809982256411597 -11.134894063629501
3.0621669046272202 0.79687453836733202 -11.086988895689499
3.0956298311730062 0.75760071522128702 -11.039996909092199
3.132949237242459 0.72039571510160605 -10.994091034249999
3.1738936729231502 0.68537689998391005 -10.949444201575499
3.2182316883026472 0.65266163184382198 -10.9062293414812
3.2657318334685188 0.62236727265696401 -10.8646193843798
3.3161626585083361 0.59461118439895899 -10.8247872606836
3.369294040486944 0.56953196578824805 -10.7869265080729
3.4249011643782969 0.54735316251454202 -10.751313093297901
3.482760542133625 0.52831955701037003 -10.7182435903767
3.5426486857041568 0.51267593170826298 -10.688014573326999
3.6043421070411239 0.50066706904074998 -10.6609226161669
3.6676173180957572 0.49253775144035999 -10.6372642929142
3.732250830819285 0.48853276133962198 -10.6173361775868
3.7980191571629391 0.488896881171066 -10.601434844202799
3.8646858523067258 0.49377643908921998 -10.5897630088288
3.931962644345766 0.50292394613659697 -10.582147955727301
3.999548304603957 0.51599345907771099 -10.5783231112097
4.0671416044051947 0.53263903467707396 -10.5780219015871
4.134441315073377 0.55251472969919901 -10.580977753171
4.2011462079324007 0.57527460090859805 -10.5869240922726
4.2669550543061634 0.600572705069783 -10.5955943452032
4.3315666255185619 0.62806309894726797 -10.6067219382741
4.3946897812690118 0.65745543359413605 -10.6200926096461
4.4560737347590047 0.68868173721775305 -10.635701344877001
4.5154777875655494 0.72172963231405896 -10.6535954413743
4.5726612412656564 0.75658674137899096 -10.6738221965453
4.627383397436331 0.79324068690848804 -10.696428907797401
4.6794035576545872 0.83167909139848795 -10.721462872537799
4.7284810234974319 0.871889577344929 -10.7489713881741
4.7743750965418759 0.91385976724374995 -10.7790017521135
4.8168566239680954 0.95754341315614599 -10.8115650190264
4.8557426353689319 1.0027587854043409 -10.8465272726351
4.8908617059403996 1.049290283875818 -10.8837183539252
4.9220424108785092 1.0969223084580579 -10.9229681038819
4.9491133253792734 1.1454392590385429 -10.964106363490799
4.9719030246386993 1.194625535504755 -11.0069629737371
4.9902400838528029 1.2442655377441749 -11.0513677756063
5.0039530782175916 1.294143665644286 -11.0971506100837
5.0129114881035042 1.3440467817956621 -11.1441336290072
5.0171484145786636 1.393771599601247 -11.1921082276235
5.0167378638856261 1.4431172951670801 -11.2408581120318
5.0117538422669394 1.491883044599198 -11.290166988331301
5.0022703559651527 1.539868024003638 -11.339818562621099
4.9883614112228214 1.586871409486438 -11.3895965410003
4.9701010142824922 1.632692377153635 -11.439284629568199

/group/right_iliac/112
112
pathId 2 posId 112 pos {4.1881545636573012 0.21626180468189399 -12.446653690815401} nrm {0.179671812927304 -0.67085517027062302 -0.71949383608241402} xhat {0 0.73139613191338404 -0.68195285630470104}
4.8201808929443359 0.35212394595146201 -12.4155015945435
4.7992698557462496 0.39360381831899599 -12.45939927021
4.7729357850448526 0.43281276664539398 -12.5025338885147
4.7418875189464051 0.47003000856889898 -12.544988728236
4.7068338955571676 0.50553476172775402 -12.5868470681523
4.6684837529834002 0.53960624376020205 -12.628192187042201
4.6273827806487242 0.57228927061074297 -12.6689295627991
4.5834240732462019 0.60269105144889601 -12.7082534697768
4.5363375767862584 0.62968439375043705 -12.745180381443999
4.4858532372793176 0.652142104991141 -12.7787267712693
4.4317010007358029 0.66893699264678297 -12.807909112721299
4.3738300860246477 0.67920116487586002 -12.831930887791
4.3130668034488249 0.68310393256776003 -12.850743612557199
4.2504567361698156 0.68107390729458905 -12.8644858116209
4.1870454673491047 0.67353970062845703 -12.8732960095831
4.1238785801481717 0.660929924141473 -12.8773127310447
4.0619299581419792 0.64362848860908095 -12.876650728000101
4.0018866865594118 0.62184050162007398 -12.871329662016199
3.94436415104283 0.59572636996658401 -12.861345422053301
3.8899777372345978 0.56544650044073996 -12.8466938970718
3.8393428307770789 0.53116129983467197 -12.827370976031901
3.7930678644151472 0.49312140452313302 -12.803458414089
3.7517334593037162 0.45193836921136399 -12.775381431178999
3.7159132837002131 0.40831397818722598 -12.7436511134329
3.6861810058620641 0.36295001573858299 -12.708778546981801
3.663110294046696 0.31654826615329601 -12.6712748179567
3.6472106220333358 0.26979294429115402 -12.631650662368299
3.6387346856884171 0.223297987299647 -12.5904154157466
3.6378709864001748 0.17765976289818899 -12.5480780635011
3.6448080255568431 0.133474638806197 -12.505147591041499
3.6597343045466579 0.0913389827430858 -12.4621329837774
3.6825329258450461 0.051647850121495198 -12.4194317854458
3.7118653962762078 0.013991047126966499 -12.3769957730937
3.7460878237515352 -0.0222429323617345 -12.334665282095299
3.7835563161824211 -0.057665594465842199 -12.2922806478251
3.822626981480258 -0.0928884453065906 -12.249682205657299
3.862140279490653 -0.12808895364863801 -12.206994037851199
3.9028740777960662 -0.161708438830338 -12.165475214206101
3.9460905959131729 -0.19175418283346901 -12.126668551405899
3.99305205335865 -0.216233467639809 -12.0921168661349
4.0450206696491726 -0.233153575231136 -12.0633629750771
4.1027764403004259 -0.24113083825829701 -12.0415022328772
4.165170464824139 -0.24121779204841801 -12.025840146021499
4.2305716187310498 -0.235076022597691 -12.015234758957201
4.2973487775318997 -0.22436711590231101 -12.008544116131
4.3638708167374256 -0.21075265795847201 -12.0046262619899
4.4286757625971704 -0.19544939096457201 -12.002711783319199
4.4909782443158894 -0.17789468192783001 -12.0035214362575
4.550162041837134 -0.157081054057672 -12.0081485192819
4.6056109351044654 -0.132001030563521 -12.017686330869299
4.6567087040614359 -0.101647134654802 -12.0332281694968
4.7028478634648838 -0.065388822443493894 -12.0555136810815
4.7434558673247684 -0.024103281651793301 -12.083867901300801
4.7779689044643261 0.020955367095546299 -12.117262213272401
4.8058231637067967 0.068533003173773394 -12.154668000113899
4.8264548338754194 0.11737550595813501 -12.1950566449429
4.8394492232775912 0.166352412002645 -12.237477614449199
4.844988118157362 0.21482788657638599 -12.281292709611501
4.8434024242429379 0.26228975212720401 -12.3259418149807
4.835023047262526 0.30822583110294699 -12.3708648151077

/group/right_iliac/129
129
pathId 2 posId 129 pos {4.5489041062157254 -0.75809100023524401 -13.4417621448164} nrm {0.31511353977301398 -0.66423821874567102 -0.67785768846366201} xhat {0 0.71424566221916097 -0.69989508785325305}
4.995265007019043 -0.59856271743774403 -13.390586853027299
4.9702323388215106 -0.57242952779291101 -13.427831873549801
4.9398721902800471 -0.55001977191282103 -13.4639048436288
4.9050899524782006 -0.53118920109285195 -13.4985262158637
4.8667910164995201 -0.51579356662838205 -13.531416442854001
4.8258807734275564 -0.50368861981478896 -13.5622959771989
4.7831378233591773 -0.49477113260894401 -13.590904020528599
4.7388336024445437 -0.48910195961369701 -13.6170547705954
4.6931127558471326 -0.486782976093389 -13.6405811741826
4.6461199287304256 -0.48791605731236198 -13.661316178073101
4.5979997662578986 -0.49260307853495999 -13.67909272905
4.5489477190153389 -0.50092612377436596 -13.693739545751701
4.4993624592777586 -0.51288811203912399 -13.705068434237001
4.4496934647424791 -0.52847217108662403 -13.7128869724202
4.4003902131068164 -0.54766142867425205 -13.7170027382152
4.3519021820680903 -0.570439012559396 -13.717223309536299
4.3047563391057109 -0.596699613206088 -13.713406903524399
4.2597896108274442 -0.62598417190493705 -13.7056142942272
4.2179164136231462 -0.65774519265319997 -13.693956894919401
4.1800511638826752 -0.69143517944813104 -13.6785461188756
4.147108277995887 -0.72650663628698597 -13.659493379370399
4.1197512807674901 -0.76249612425834201 -13.636944353671501
4.0976401306616044 -0.79927643281606497 -13.611181775018601
4.0801838945572007 -0.83680440850534299 -13.582522640644701
4.0667916393332506 -0.87503689787136496 -13.5512839477827
4.0568724318687259 -0.91393074745931902 -13.517782693665399
4.0501084105575993 -0.95328976241324503 -13.482358898120101
4.0472739998538492 -0.99230558227258803 -13.4454446713517
4.0494166957264586 -1.03001680517565 -13.407495146159301
4.057583994144407 -1.06546202926072 -13.368965455342099
4.0728233910766756 -1.0976798526661 -13.330310731699401
4.095785203444974 -1.1258788753818401 -13.2920041574633
4.1255310319819154 -1.14994770480495 -13.254591112597801
4.1607252983728413 -1.1699449501842101 -13.218635026499699
4.2000324243030951 -1.18592922076839 -13.184699328565999
4.2421168314580182 -1.1979591258062401 -13.1533474481935
4.28583611122865 -1.2060655174458199 -13.125080221821401
4.3308205338288221 -1.2101682194322401 -13.100148114058101
4.3768935391780639 -1.2101592984099001 -13.078738996554399
4.4238785671959047 -1.2059308210232 -13.0610407409609
4.4715990578018756 -1.1973748539165301 -13.0472412189284
4.5198881656576173 -1.1845193661520099 -13.037390599878799
4.5686179043932222 -1.1679359364626201 -13.0309882443186
4.6176700023808959 -1.14833204599908 -13.0273958105258
4.6669261879928436 -1.1264151759120899 -13.0259749567781
4.7162681896012684 -1.1028928073523601 -13.0260873413533
4.7653913469425273 -1.07828806471774 -13.027361938608401
4.8132454452095796 -1.05238664539462 -13.0304969872171
4.8585938809595337 -1.02478989001655 -13.036458041932301
4.9002000507494996 -0.99509913921705495 -13.046210657506601
4.9368273511365883 -0.96291573362968497 -13.0607203886929
4.967487982114231 -0.92802435898233104 -13.080657457469099
4.9921893574211547 -0.89094308138032297 -13.105510754713
5.0111876942324081 -0.85237331202334998 -13.1344738385275
5.0247392097230419 -0.81301646211109901 -13.1667402670155
5.0331001210681032 -0.77357394284325898 -13.2015035982797
5.036440659764903 -0.73473866157374501 -13.2380056986085
5.0345871145997876 -0.69716951027338403 -13.275681667032099
5.0272797886813683 -0.66151687706722795 -13.314014910766099
5.01425898511825 -0.62843115008033001 -13.3524888370259

/group/right_iliac/142
142
pathId 2 posId 142 pos {4.8973163380586682 -1.37221456533275 -14.150624034014299} nrm {0.37741551786415201 -0.51962790303435102 -0.76651442860748398} xhat {0 0.82773001293530302 -0.56112656833028596}
5.5168366432189941 -1.23053586483002 -13.9416303634644
5.5005077144804906 -1.18807608277569 -13.9784542903895
5.4763100553324016 -1.15011806282336 -14.016100850423401
5.4452468303390713 -1.1169065446147299 -14.053910186533299
5.4083212040648414 -1.0886862677915199 -14.0912224416867
5.3665363410740508 -1.0657019719954099 -14.1273777588512
5.3208356775072048 -1.0480978636737499 -14.161813843701299
5.2719237358094491 -1.0356160164963399 -14.1943586527413
5.2204453100020887 -1.02789797093865 -14.224937705182599
5.1670451941064313 -1.0245852674761 -14.2534765202365
5.1123681821437819 -1.02531944658415 -14.2799006171145
5.056978279714035 -1.0297526077333099 -14.3041681409156
5.0011163387314337 -1.0375790863743499 -14.3263677402896
4.9449424226888077 -1.04850377695311 -14.3466206897742
4.8886165950789877 -1.06223157391545 -14.365048263906701
4.8322989193948036 -1.0784673717072 -14.3817717372247
4.7762183053949707 -1.09707177921244 -14.396772903774901
4.7208790479017342 -1.1185282630681199 -14.409475635641
4.666854288003222 -1.1434760043494301 -14.419164324416
4.6147171667875639 -1.1725541841315601 -14.4251233616926
4.5650408253428907 -1.2064019834897 -14.426637139064001
4.5184809332668161 -1.24537613471034 -14.423140926892399
4.4760232741949029 -1.28870357492522 -14.4146735106186
4.4387361602721969 -1.3353287924774 -14.4014245544525
4.4076879036437457 -1.38419627570994 -14.3835837226042
4.3839468164545972 -1.43425051296589 -14.361340679283799
4.3683050353690041 -1.4845337079477801 -14.3349547903274
4.360449995128044 -1.53447892579606 -14.3049642280752
4.3597929549920007 -1.58361694701065 -14.271976866493601
4.3657451742211562 -1.6314785520914701 -14.2366005795486
4.3777179120757941 -1.67759452153844 -14.1994432412067
4.395192811731782 -1.7214774819715699 -14.1610904002523
4.4179330520273243 -1.76256744449129 -14.122038304744001
4.4457721957162066 -1.8002862663180901 -14.082760877558201
4.4785438055522189 -1.8340558046725 -14.043732041571699
4.5160814442891484 -1.8632979167750101 -14.005425719661201
4.5581312927012849 -1.88752420122806 -13.968298011899099
4.6040900036449326 -1.90660522216178 -13.9327337271405
4.6532668479968953 -1.9205012850882199 -13.899099851436199
4.7049710966339786 -1.9291726955194199 -13.867763370836901
4.7585120204329918 -1.9325797589674401 -13.839091271393499
4.813230252822172 -1.93071258072095 -13.813414903260201
4.868591877435505 -1.9236804651750901 -13.790923073004601
4.9240943404584083 -1.9116225165016401 -13.771768951297901
4.9792350880763028 -1.89467783887235 -13.7561057088112
5.0335115664746057 -1.872985536459 -13.7440865162155
5.0864990758646149 -1.8467516524187799 -13.735780824368
5.1380843325611414 -1.81644998585061 -13.730923204870299
5.1882319069048721 -1.7826212748388099 -13.7291645095102
5.2369063692364977 -1.74580625746773 -13.7301555900751
5.2840722898967041 -1.70654567182169 -13.733547298352899
5.3295354742169438 -1.6652855843763801 -13.7391328421468
5.3724666674917207 -1.6220933751728399 -13.747274853322001
5.411877850006297 -1.5769417526434399 -13.7584783197596
5.44678100204594 -1.5298034252205699 -13.773248229340499
5.4761881038959137 -1.4806511013366099 -13.792089569945601
5.4991962116249553 -1.42967198170151 -13.8153200338503
5.5152426844356892 -1.3779112361354999 -13.8425081309072
5.5238499573142086 -1.32662852673638 -13.8730350753638
5.5245404652466128 -1.27708351560195 -13.906282081467101

/group/right_iliac/151
151
pathId 2 posId 151 pos {5.106272521993974 -1.5730904759453701 -14.6130573367165} nrm {0.35787745625462702 -0.099089212743817698 -0.92849612504443302} xhat {0 0.99435359402977797 -0.10611752937222101}
5.6632900238037109 -1.39506840705872 -14.417360305786101
5.644904678671864 -1.3399424692894499 -14.430329943103599
5.6205336379444502 -1.28806573650684 -14.445259950613
5.5906610176844156 -1.2395065606679201 -14.4619564031651
5.5557709339547134 -1.19433329372972 -14.4802253756108
5.5163475028182871 -1.15261428764928 -14.4998729428007
5.4729019265336696 -1.1146133230833499 -14.520673897441201
5.4260537521417254 -1.08137589548765 -14.5422779036608
5.3764496128788988 -1.0541429290176101 -14.5643033434436
5.3247361419816359 -1.03415534782865 -14.586368598773699
5.2715599726863838 -1.02265407607621 -14.608092051635101
5.2175099391418041 -1.02042015279231 -14.6291634251173
5.1629436791454273 -1.02639507651533 -14.6495578067313
5.1081610314069987 -1.0390604606602301 -14.6693216250936
5.0534618346362654 -1.05689791864197 -14.6885013088206
4.9991459275429726 -1.07838906387552 -14.7071432865287
4.9455665192939353 -1.1023725251421199 -14.725235325408899
4.893290300884229 -1.1291149926881401 -14.7425305469494
4.8429373337659998 -1.15924017212622 -14.7587234112133
4.795127679391392 -1.19337176906901 -14.773508378263401
4.7504813992125499 -1.23213348912916 -14.786579908162601
4.7096066407914794 -1.27591169862318 -14.7976623815858
4.673063896129622 -1.32414340668302 -14.806599861656901
4.6414017433382861 -1.3760282831445101 -14.8132663321117
4.6151687605287748 -1.4307659978434699 -14.817535776686
4.5949135258123919 -1.48755622061571 -14.819282179115699
4.5810962032459042 -1.5456381494825699 -14.8184093780767
4.5738233006679216 -1.6044090952074199 -14.8149406320045
4.5731129118625153 -1.6633058967391201 -14.8089290542745
4.5789831306137572 -1.72176539302655 -14.800427758262201
4.591452050705719 -1.7792244230185901 -14.789489857343201
4.6104550426609254 -1.8350326034736599 -14.7762096578148
4.6355965839557118 -1.8881906623883999 -14.7608462376622
4.6663984288048672 -1.9376121055690101 -14.743699867792399
4.7023823314231823 -1.9822104388216999 -14.7250708191127
4.743070046025446 -2.0208991679526398 -14.7052593625301
4.7879548131418082 -2.0528627007519602 -14.6845478546356
4.8364158185638653 -2.0783690529454102 -14.663146994756101
4.8878037343985756 -2.0979571422426302 -14.6412495679023
4.9414692327528966 -2.1121658863533002 -14.6190483590849
4.9967629857337856 -2.1215342029870601 -14.596736153314801
5.0530668532394971 -2.12648123555869 -14.574506492226201
5.1098874463334711 -2.1269470303033899 -14.5525559439474
5.166762563870444 -2.1227518591614398 -14.531081833230299
5.2232300047051528 -2.1137159940731398 -14.510281484826701
5.278827567692332 -2.0996597069788101 -14.4903522234885
5.3330603132587644 -2.0804467696632001 -14.471499349235399
5.3853023481194082 -2.0561149532890202 -14.4539600631586
5.434895040561269 -2.0267455288634602 -14.437979541616899
5.4811797588713498 -1.9924197673936801 -14.4238029609695
5.5234978713366543 -1.95321893988688 -14.4116754975754
5.5612706343288716 -1.9092966711427699 -14.4018038187294
5.5942388565584356 -1.86109600113131 -14.3942405554707
5.6222232348204608 -1.8091323236150001 -14.3889998297741
5.6450444659100638 -1.7539210323563299 -14.386095763614801
5.6625232466223601 -1.6959775211178301 -14.3855424789677
5.67447855568407 -1.6359112073431199 -14.387344723873801
5.6807224995483256 -1.5747076032004701 -14.391469750637899
5.6810654665998612 -1.51344624453925 -14.397875437630701
5.675317845223411 -1.4532066672088699 -14.4065196632232

/group/right_iliac/159
159
pathId 2 posId 159 pos {5.2571702922638606 -1.3762310493193699 -15.1511300559514} nrm {0.12250610149293401 0.65585597598326495 -0.744879314965882} xhat {0 0.75053250575400299 0.66083353259850397}
5.8399009704589844 -1.36512935161591 -15.0455169677734
5.828767837686299 -1.32077891661964 -15.008298086218399
5.8122256437837878 -1.2770716008993299 -14.9725350506873
5.7902706879290022 -1.23444055977259 -14.9386098563698
5.762899269299492 -1.1933189485570399 -14.9069044984554
5.7301076870728087 -1.1541399225703 -14.877800972133601
5.6919823909797094 -1.11741469811125 -14.851735179204001
5.6489704329637798 -1.0839667354037501 -14.829358647905901
5.6016090155218112 -1.0546975556528999 -14.811376813088801
5.5504353411505978 -1.0305086800638199 -14.798495109602101
5.4959866123469308 -1.0123016298416101 -14.791418972295199
5.438895444539102 -1.00072349028552 -14.7906141116811
5.3801761048814027 -0.99540360307126297 -14.7955873409273
5.3209382734596238 -0.99571687396866904 -14.805605748865
5.2622916303595533 -1.00103820874758 -14.8199364243251
5.2053458556669838 -1.01074251317783 -14.837846456138999
5.1509215644995177 -1.0242022126566701 -14.8586483017229
5.0986831121020142 -1.0407798110909099 -14.8818358928353
5.0480057887511416 -1.0598353320148099 -14.9069485298196
4.998264884723576 -1.08072879896258 -14.9335255130196
4.9488356902959847 -1.10282023546847 -14.961106142778799
4.8995010695029464 -1.12571073416683 -14.9893749241295
4.8516741814106528 -1.1499656640925799 -15.018597180858199
4.8071757588432078 -1.17639146338075 -15.0491834414404
4.7678265346247084 -1.2057945701663799 -15.081544234351099
4.7354472415792568 -1.2389814225845099 -15.116090088065601
4.7115146161451698 -1.2764354004359499 -15.153003687675101
4.6961294092176384 -1.31734765018464 -15.191556344734201
4.6890483753060668 -1.3605862599602701 -15.2307915274134
4.6900282689198667 -1.4050193178925501 -15.269752703883301
4.6988258445684448 -1.4495149121111801 -15.307483342314301
4.7150792483028026 -1.4931230817215599 -15.343206593940099
4.7379521923403223 -1.5356216697318501 -15.3768643422466
4.7664897804399802 -1.5769704701259299 -15.408578153782701
4.7997371163607516 -1.61712927688765 -15.4384695950974
4.8367393038616129 -1.6560578840008799 -15.466660232739599
4.8767329651322564 -1.6935168020443401 -15.4930646927467
4.9197207960852403 -1.7284694079762299 -15.516769839108999
4.965897011063837 -1.7596797953496099 -15.5366555953056
5.0154558244113208 -1.78591205771753 -15.551601884815099
5.068591450470965 -1.8059302886330599 -15.560488631116501
5.1252633648169734 -1.81888063079009 -15.5625707344538
5.1844920879472598 -1.8254374234459301 -15.5586030021321
5.2450634015906736 -1.82665705499876 -15.549715218221801
5.3057630874760591 -1.8235959138467099 -15.537037166793199
5.365376927332262 -1.81731038838796 -15.521698631916699
5.4228802544567358 -1.8086101743824601 -15.504581024758799
5.4780066084213654 -1.7973181970374099 -15.485572264870701
5.530679080366637 -1.78301068892181 -15.4643118988994
5.5808207614330474 -1.7652638826046601 -15.440439473492299
5.6283547427610827 -1.7436540106549601 -15.4135945352966
5.6730770245295874 -1.7178998094744 -15.3835630031306
5.7142752430708086 -1.68829003079544 -15.3507162844971
5.7511099437553428 -1.6552559301832299 -15.315572159069699
5.7827416719537901 -1.6192287632029201 -15.278648406522199
5.8083309730367478 -1.5806397854196499 -15.2404628065285
5.8272275188609646 -1.5399263937776 -15.201507439436901
5.839537487227795 -1.49755055073697 -15.1621715882942
5.8455561824247404 -1.453980360137 -15.1228188368218
5.8455789087393013 -1.4096839258169001 -15.083812768741099

/group/right_iliac/171
171
pathId 2 posId 171 pos {5.2800289125401516 -0.61622376811763702 -15.699525485550099} nrm {-0.035564109869728897 0.88234328331508205 -0.46926061466730201} xhat {0 0.46955765827347701 0.88290180969161502}
5.8265581130981454 -0.52298504114151001 -15.565629959106399
5.798990790295905 -0.499951159293412 -15.5202304848177
5.7673979739257319 -0.47872044737719699 -15.4779165073139
5.7321525127453654 -0.45924182160409399 -15.438620169961199
5.6936272555125402 -0.441464198185335 -15.4022736161256
5.6521950509849974 -0.42533649333214801 -15.3688089891732
5.6081654101825178 -0.41085087930629 -15.3382349847071
5.5615944931730574 -0.39817255257161599 -15.310866507278501
5.5124751222866122 -0.387509965642507 -15.287095013676
5.4608001198531806 -0.37907157103334299 -15.267311960687801
5.4065623082027621 -0.37306582125850601 -15.251908805102399
5.3499784221872106 -0.36970994500572502 -15.2413104588703
5.2921608467458094 -0.369256275656132 -15.236075654590399
5.2344458793396988 -0.37196592276420898 -15.236796580023899
5.1781698174300184 -0.37809999588443599 -15.244065422932
5.1246689584779093 -0.38791960457129598 -15.2584743710757
5.0749738885364701 -0.40150899080076302 -15.280259899544401
5.0288923480266394 -0.41824492623479598 -15.308235632740001
4.9859263659613129 -0.43732731495684701 -15.340859482392601
4.9455779713533881 -0.45795606105036701 -15.376589360232201
4.9073491932157633 -0.47933106859880997 -15.4138831779889
4.8709923833298712 -0.50084133497310301 -15.451573345940901
4.8372611845512958 -0.52263223069408304 -15.489990268558
4.8071595625041557 -0.54503821957006104 -15.5298388488582
4.7816914828125716 -0.56839376540935105 -15.5718239898594
4.7618609111006629 -0.59303333202026498 -15.6166505945795
4.748539875209655 -0.61912187272252805 -15.6646948628701
4.7420726518491962 -0.64614629888152098 -15.7150181819173
4.7426715799460402 -0.67342401137403696 -15.7663532357408
4.7505489984269396 -0.700272411076868 -15.817432708360201
4.7659172462186508 -0.72600889886680797 -15.8669892837954
4.7887816361680304 -0.75003097667086105 -15.913890545504801
4.8183193768023624 -0.77205655061687595 -15.957543674702301
4.8535006505690284 -0.791883627882911 -15.9974907520408
4.8932956399154186 -0.80931021564702799 -16.0332738581731
4.9366745272889192 -0.82413432108728402 -16.064435073751799
4.9827518589967648 -0.83621751320666504 -16.090646956897501
5.031219636785587 -0.84567560830785704 -16.112103975601698
5.0819142262618673 -0.85268798451847105 -16.1291310753235
5.1346719930320859 -0.85743401996611901 -16.142053201522199
5.189329302702725 -0.86009309277841195 -16.151195299657001
5.2455842593387558 -0.86077528587211605 -16.156741519087198
5.3025819208391169 -0.85931350132061202 -16.158312824773301
5.3593290835612359 -0.85547134598643504 -16.155389385575901
5.4148325438625431 -0.84901242673212096 -16.1474513703557
5.4680990981004669 -0.83970035042020497 -16.133978947973301
5.5184061885587061 -0.82742916035380099 -16.114718083301
5.5661138412260422 -0.81261464559833696 -16.0904779252579
5.6118527280175261 -0.79580303165981903 -16.062333418774699
5.6562535208482094 -0.77754054404425399 -16.031359508782199
5.6999468916331404 -0.75837340825764898 -15.998631140211
5.7430756756679422 -0.73871372839264904 -15.9649340699044
5.7838313617705106 -0.71843712288845296 -15.9298973023553
5.8199176021393138 -0.69728508877089901 -15.892860653969301
5.8490380489728162 -0.67499912306582599 -15.8531639411516
5.8688963544694834 -0.65132072279907105 -15.8101469803079
5.8778175670217951 -0.62615130853404999 -15.7634974112772
5.8766123197982774 -0.60003199498448301 -15.714294167633801
5.8667126421614704 -0.57366382040167196 -15.6639640063856
5.8495505634739127 -0.54774782303691505 -15.6139336845405

/group/right_iliac/182
182
pathId 2 posId 182 pos {5.2368578172835543 0.12983483472733301 -15.905246450736801} nrm {-0.0538573990536187 0.99854269394964401 -0.0034451309071474399} xhat {0 0.0034501383100409601 0.99999404825510896}
5.7829389572143546 0.15956287086009999 -15.8256568908691
5.7609687291876819 0.158542664110253 -15.7778958816074
5.7326995464976687 0.157174292171365 -15.7325768607675
5.6995684338440542 0.15553583798432 -15.689533082706699
5.6630124159265751 0.15370538449000701 -15.648597801782399
5.6244685174449689 0.15176101462930899 -15.6096042723519
5.5850380984174217 0.149762375658157 -15.5724817119692
5.5444798601359189 0.147695372092643 -15.5375431909748
5.5022168392108952 0.14552747276390701 -15.5051977429058
5.4576720722527847 0.14322614650308399 -15.4758544012993
5.4102685958720214 0.140758862141312 -15.4499221996925
5.3597388339587226 0.138109287488733 -15.427951753400899
5.3070527595217314 0.13532588627150699 -15.4110600048545
5.253489732849574 0.13247332119479899 -15.400505478261801
5.2003291142307768 0.12961625496377399 -15.3975466978311
5.1488502639538636 0.126819350283597 -15.403442187771001
5.0999869768659254 0.12413053417824201 -15.418898848572001
5.0532907860482901 0.121530790946919 -15.4424170858533
5.0079676591408564 0.118984369207647 -15.4719456815164
4.9632235637835151 0.11645551757844699 -15.5054334174628
4.9182644676161624 0.113908484677336 -15.540829075593701
4.8728663114650086 0.111336507203114 -15.576589962694101
4.8290849289015281 0.10884877417769501 -15.613207485082899
4.789546126683514 0.106583462703777 -15.6516815739623
4.7568757115687559 0.104678749884052 -15.6930121605346
4.7336994903150469 0.103272812821217 -15.738199176002199
4.721885046865256 0.102464422959162 -15.787810594881201
4.7202670739025692 0.10219472910655999 -15.8406865649432
4.72692204129525 0.10236547441328001 -15.895235277273599
4.7399264189115602 0.102878402029191 -15.949864922957699
4.7573566766197652 0.10363525510416099 -16.002983693080999
4.777622249774101 0.104554466019795 -16.053367875761701
4.8004644356727004 0.105621224084638 -16.101266147249
4.8259574970996644 0.106837407838968 -16.147295280825301
4.8541756968391008 0.108204895823067 -16.192072049772701
4.885193297675114 0.109725566577213 -16.236213227373401
4.9191046477686484 0.111403929001454 -16.279887096961101
4.9560844367880046 0.11325501343490101 -16.3214679820762
4.9963274397783293 0.115296480576434 -16.358881716310599
5.0400284317847648 0.117545991124932 -16.3900541332561
5.0873821878524534 0.120021205779274 -16.412911066504702
5.1383352347061866 0.122724452436712 -16.425941641484901
5.1918411057893472 0.125596727787993 -16.429888150971301
5.2466050862249656 0.128563695722236 -16.4260561795749
5.3013324611360719 0.13155102012856201 -16.415751311906899
5.3547285156456974 0.134484364896089 -16.4002791325785
5.4057847531998524 0.13730537299487 -16.380788305247599
5.4546375505364786 0.140019603718679 -16.357799809760099
5.5017095027164977 0.142648595442223 -16.3316777050083
5.5474232048008307 0.145213886540209 -16.302786049885
5.5922012518503994 0.14773701538734299 -16.271488903282702
5.6361317735572873 0.15022187046726501 -16.238037180033501
5.6779650381382227 0.15260174069934601 -16.202229218728402
5.7161168484410956 0.15479226511189001 -16.1637502138977
5.7490030073137994 0.156709082733201 -16.122285360071999
5.775039317604219 0.158267832591583 -16.077519851781599
5.7929288838979769 0.15939875323077901 -16.029398824268501
5.8025240177316064 0.160090481256289 -15.978907175621
5.8039643323793708 0.16034625278905301 -15.9272897446388
5.7973894411155316 0.16016930395001 -15.8757913701216

/group/right_iliac/196
196
pathId 2 posId 196 pos {5.2310513554958273 1.1701757680036411 -15.731052319865499} nrm {0.066705351272178096 0.97255480120468096 0.22290705409515199} xhat {0 0.223404639302381 -0.97472579074228505}
4.7633452415466309 1.244184613227844 -15.9139947891235
4.7813794788534878 1.2549601023621499 -15.9664054389798
4.8019675066628613 1.2651317738763881 -16.016945751738898
4.8261289533835043 1.2743142534829279 -16.064239531759299
4.8548834474241689 1.2821221668941409 -16.106910583400001
4.8892506171936088 1.288170139822397 -16.1435827110197
4.929870661298005 1.2921894681352331 -16.173275177512199
4.97586605913326 1.294378128320852 -16.196589079911501
5.0259798602927059 1.2950507670226179 -16.214520973786801
5.0789551143696734 1.2945220308839009 -16.228067414707201
5.1335348709574946 1.293106566548067 -16.238224958241702
5.1885951667584358 1.2910394204580879 -16.245682694791402
5.2435439869105016 1.2882372382553511 -16.249899854084401
5.2979223036606333 1.2845370653808461 -16.2500282006806
5.3512710892557687 1.279775947275565 -16.2452194991399
5.4031313159428489 1.273790929380499 -16.2346255140225
5.4530414125580142 1.266480397512302 -16.217664851416998
5.5005296342942103 1.2579880989902821 -16.194823483527902
5.5451216929335834 1.2485191215094129 -16.166854224088599
5.5863433002582816 1.2382785527646669 -16.134509886832198
5.6237201680504496 1.2274714804510161 -16.098543285492099
5.6568565942297511 1.216270668411918 -16.059589736131599
5.6856712212659 1.2047195850847749 -16.0178145641339
5.710161277766125 1.1928293750554759 -15.973265597211901
5.7303239923376568 1.1806111829099091 -15.925990663078901
5.7461565935877239 1.1680761532339621 -15.8760375894479
5.7575170789661394 1.155288702783942 -15.8236449581179
5.7637065212930354 1.142526336997826 -15.769814367231399
5.7638867622311354 1.130119833484011 -15.715738169016699
5.7572196434431548 1.1183999698508951 -15.662608715702101
5.7428670065918119 1.107697523706874 -15.6116183595159
5.7203700161523754 1.0982763633596151 -15.5637810464483
5.6907871278503022 1.0901327199138759 -15.5193970975371
5.6555561202236051 1.0831959151736841 -15.478588427581499
5.6161147718102917 1.0773952709430661 -15.441476951381301
5.5739008611483722 1.0726601090260499 -15.408184583735901
5.530080120664941 1.068934062547898 -15.3788142597269
5.4847300983434364 1.066218009918809 -15.353392995564899
5.4376562960563799 1.064527140870219 -15.3319288277425
5.3886642156762958 1.0638766451335619 -15.3144297927523
5.3375593590757058 1.064281712440271 -15.300903927087001
5.2843457797995033 1.0657605295011561 -15.2914317716957
5.2298217380820526 1.0683432709445171 -15.2863838853531
5.1749840458300911 1.072063108378031 -15.2862033312908
5.120829514950354 1.076953213409374 -15.2913331727399
5.0683549573495759 1.083046757646221 -15.302216472931899
5.018407884140613 1.0903458262139141 -15.3191159720367
4.9712386032608 1.098728158308468 -15.3415731179786
4.926948121853596 1.108040406643561 -15.368949035620799
4.8856374470624546 1.118129223932874 -15.4006048498263
4.8474075860308332 1.1288412628900879 -15.4359016854582
4.8125164043202071 1.1400287238185249 -15.474271826269201
4.7818492011641229 1.1515659973800889 -15.515432191570699
4.756448134214148 1.1633330218263249 -15.559170859563899
4.737355361121848 1.17520973540878 -15.6052759084498
4.7256130395387901 1.1870760763789989 -15.6535354164296
4.7218610192723771 1.1988290596475459 -15.7036915593792
4.725129918753364 1.2104340067610539 -15.7553029038737
4.7340480485683401 1.2218733159251729 -15.8078821141626
4.7472437193038992 1.2331293853455529 -15.860941854496

/group/right_iliac/208
208
pathId 2 posId 208 pos {5.4099784081699687 2.121554185494579 -15.5657145676404} nrm {0.32319981971022699 0.943916911425141 0.067548063368973496} xhat {0 0.071378916743554705 -0.99744927201563305}
4.9581279754638672 2.2810573577880859 -15.6326246261597
4.9773200905297994 2.2781790079196078 -15.684231458448799
5.0000229053869178 2.2739740627011749 -15.7340982362226
5.0257111996088311 2.2686573904258589 -15.7827146005848
5.0538597527691458 2.262443859386734 -15.8305701926397
5.0839433444414706 2.2555483378768701 -15.878154653491
5.1156509457544148 2.248080524106141 -15.925512771767499
5.1495282940565854 2.239729435951622 -15.970909926196599
5.1863353182515919 2.2300789212071881 -16.012166643030099
5.226831947243042 2.218712827666713 -16.0471034485202
5.2717781099345453 2.2052150031240729 -16.073540868918901
5.321493067935041 2.1893632030355499 -16.0899006891011
5.3745334136747953 2.1717108135070591 -16.097009728433498
5.4290150722894088 2.15300512830692 -16.0962960649058
5.4830539689144793 2.133993441203458 -16.0891877765076
5.5347660286856053 2.1154230459649921 -16.077112941228499
5.5827682262249141 2.097853329329304 -16.061271170583002
5.6276817341006424 2.081092049912002 -16.041948210184501
5.6706287743675547 2.0647590592981531 -16.0192013391713
5.712731569080419 2.048474209072825 -15.9930878366816
5.7551123402939979 2.031857350821086 -15.9636649818537
5.7983073311569084 2.0147284529519802 -15.9309827391079
5.8405088691931679 1.9977079511704741 -15.8950618139928
5.8793233030206453 1.9816163980055119 -15.855915597338999
5.9123569812572088 1.9672743459860389 -15.813557479977201
5.9372162525207264 1.9555023476409981 -15.768000852738099
5.9521966088288449 1.9468917100625851 -15.7193530062632
5.9583501157983223 1.941116758595993 -15.6680968304373
5.9574179824456968 1.937622573149667 -15.614809114956
5.9511414177875057 1.935854233632049 -15.5600666495152
5.9412616308402848 1.9352568199515841 -15.504446223810501
5.9290627400307896 1.935440569232471 -15.448645466899
5.9140005014266421 1.9366763474619271 -15.393845365282999
5.8950735805056844 1.939400177842926 -15.341347744826599
5.871280642745754 1.9440480835784419 -15.2924544313934
5.8416203536246938 1.9510560878714469 -15.2484672508473
5.8054619147196664 1.960708878802438 -15.210346211797599
5.7636566720051219 1.9726858039620021 -15.177684053835099
5.7174265075548378 1.98651487581825 -15.1497316992963
5.6679933034425867 2.0017241068392919 -15.1257400705175
5.6165789417421426 2.0178415094932411 -15.104960089835
5.5643010373128687 2.0344534210490579 -15.086958796571199
5.5118601361564608 2.0513794779791219 -15.072567697992101
5.459852517060205 2.0684976415566618 -15.062934418349901
5.4088744588113862 2.0856858730549068 -15.059206581896801
5.359522240197288 2.1028221337470878 -15.0625318128847
5.3121960778645683 2.1198225731217151 -15.073653269594599
5.2665119398973719 2.1367560935284211 -15.091696246421799
5.2218897322392186 2.1537297855321178 -15.1153815717903
5.1777493608336291 2.170850739697721 -15.143430074124201
5.1335107316241197 2.1882260465901409 -15.174562581847599
5.0890687039162961 2.2058213565126712 -15.207795984905699
5.0462179504641078 2.2230365587221179 -15.2433314193295
5.0072280973835914 2.2391301022136672 -15.281666082671
4.9743687707907807 2.253360435982505 -15.323297172482301
4.9499095968017146 2.2649860090238172 -15.3687218863155
4.9355208018963479 2.273449023769901 -15.418137204891
4.9304750140103204 2.2789266964015078 -15.4705392416018
4.9334454614431911 2.2817799965364989 -15.5246238930094
4.9431053724945206 2.2823698937927381 -15.579087055674901

/group/right_iliac/218
218
pathId 2 posId 218 pos {5.7395443208390331 2.826108443281675 -15.598899003338801} nrm {0.50676734202803997 0.84622152106891502 -0.164608621686857} xhat {0 0.19094292315929801 0.98160114104221696}
6.2699341773986816 2.5051429271697998 -15.6160535812378
6.2732111128466128 2.5150369223441298 -15.5551021065522
6.2739227801940256 2.5263734297534781 -15.494632328760099
6.2706949953411826 2.5398220140041921 -15.435432751152399
6.2621535741883392 2.5560522397026211 -15.3782918770201
6.2469243326357544 2.5757336714551138 -15.323998209654
6.2240541026288554 2.599281737075966 -15.2733505762455
6.194273780293746 2.6260953172112709 -15.227189099587299
6.1587352778016982 2.655319155715067 -15.186364226372399
6.1185905073239839 2.686097996441394 -15.151726403293999
6.0749913810318752 2.7175765832442922 -15.124126077045201
6.0289718414175537 2.7490168348305071 -15.104174492344701
5.9810939522568418 2.780149369317602 -15.0915260860143
5.9318018076464698 2.8108219796758491 -15.085596092901699
5.8815395016831689 2.8408824588755168 -15.0857997478542
5.8307511284636702 2.870178599886875 -15.0915522857195
5.7798423125518861 2.898581346884483 -15.102268362666299
5.7290648003804554 2.9260542488600492 -15.117360320149
5.6786318688491901 2.9525840060095701 -15.1362399209433
5.6287567948579129 2.9781573185290449 -15.1583189278247
5.5796528553064384 3.0027608866144688 -15.183009103568899
5.5315671353197651 3.02631949484483 -15.2099364300432
5.4848819529236099 3.0485102653310641 -15.2395837654818
5.4400134343688684 3.0689484045671001 -15.2726481872102
5.3973777059064387 3.0872491190468638 -15.3098267725544
5.3573908937872163 3.1030276152642839 -15.3518165988399
5.320693009406579 3.1158277317185021 -15.3989923686709
5.2888196047378297 3.1249078349295321 -15.450439285765199
5.2635301168987496 3.1294549234226019 -15.5049201791189
5.2465839830071239 3.1286559957229412 -15.561197877728
5.2397406401807336 3.1216980503557772 -15.618035210588699
5.2440967129417739 3.1081395447933882 -15.6743259660507
5.2580975754300816 3.089024772296241 -15.7294877698784
5.2795257891899059 3.065769485071852 -15.783069207189699
5.3061639157654961 3.0397894353277359 -15.8346188631026
5.3357945167010996 3.012500375271411 -15.8836853227349
5.3666525620499002 2.9850379769988749 -15.929864198135
5.3987826559008019 2.9574175921600681 -15.972939209071599
5.432681810851645 2.9293744922934088 -16.012741102243801
5.46884703950027 2.900643948937323 -16.0491006243507
5.507775354444516 2.870961233630231 -16.081848522091502
5.5497858493293961 2.8401927343946358 -16.1106892577907
5.5944859419886237 2.8087293051893671 -16.134822156275501
5.641305131303084 2.7770929164573319 -16.153320257998299
5.6896729161536639 2.7458055386414419 -16.165256603411802
5.7390187954212486 2.715389142184605 -16.169704232968598
5.7888478224231941 2.6862566236705381 -16.166064301281398
5.8389672682227314 2.65838458424619 -16.1550504196037
5.8892599583195588 2.6316405511993182 -16.137704313349001
5.9396087182133748 2.6058920518176771 -16.115067707930901
5.9898963734038793 2.5810066133890239 -16.088182328763001
6.0397466002574109 2.5570503900658541 -16.057866633116902
6.0877464786068733 2.5348840434596118 -16.024046005696601
6.1322239391518067 2.5155668620464811 -15.986422563064201
6.171506912591755 2.500158134302644 -15.9446984217817
6.2039233296262601 2.489717148704286 -15.8985756984113
6.2283247172284453 2.4849515095484591 -15.847952478725601
6.2456569874657548 2.4851620844156952 -15.793510725339701
6.2573896486792142 2.4892980567073959 -15.736128370079401
6.264992209209848 2.4963086098249638 -15.676683344770099

/group/right_iliac/231
231
pathId 2 posId 231 pos {6.2872864502994217 3.5467506422158031 -15.9391202955137} nrm {0.58355107479943003 0.60646395088110105 -0.54006445854371399} xhat {0 0.66504140801955502 0.74680648471968203}
6.7068190574645996 3.4255218505859379 -15.6219396591187
6.6914880333667393 3.4674706325527298 -15.5913988163942
6.6703216188064847 3.510190474823446 -15.566297371600999
6.6437099558409356 3.5525857115650661 -15.547444152189501
6.6120431865271936 3.5935606769445689 -15.5356479856103
6.5757114529223566 3.632019705128934 -15.5317176993138
6.5352070101008977 3.6671444968136031 -15.5360403152779
6.491430565206767 3.699226218807866 -15.547315633589299
6.4453849384012898 3.7288334044494751 -15.563821648862
6.3980729498457896 3.756534587076183 -15.58383635571
6.3504974197015907 3.7828983000257419 -15.6056377487473
6.3035364472323154 3.808205965820783 -15.627960996429801
6.257569248110773 3.8315905637234531 -15.6513699625812
6.2128503171120766 3.851897962180773 -15.676885684867001
6.169634149011336 3.86797402963977 -15.7055292009527
6.1281752385836601 3.878664634547468 -15.7383215485038
6.0887496791548692 3.8831083390343482 -15.775931748308601
6.0517199582536234 3.8816144799647301 -15.8176207536461
6.0174701619592916 3.8747850878863881 -15.8622975009178
5.9863843763512454 3.8632221933470992 -15.9088709265255
5.958846687508851 3.847527826894638 -15.9562499668708
5.9351467913673153 3.8282391840451431 -16.0035183562978
5.9151968232851706 3.8056341201881869 -16.050459020920201
5.8988145284767866 3.779925655681704 -16.097029684793799
5.8858176521565326 3.7513268108836271 -16.143188071974599
5.8760239395387739 3.720050606151891 -16.188891906518801
5.8694520950422264 3.6863006949471648 -16.2338922814053
5.8669246599029838 3.6502432631410571 -16.277113765306002
5.869465134561489 3.612035129707909 -16.317274295815601
5.8780970194581812 3.5718331136220649 -16.3530918105292
5.8938438150335024 3.5297940338578671 -16.383284247041502
5.9173112946728574 3.4862183443992532 -16.406859649164701
5.9474343235415006 3.4419810392685362 -16.4239864855804
5.9827300397496579 3.398100747497625 -16.435123331187299
6.0217155814075456 3.3555960981184292 -16.440728760884301
6.0629080866253879 3.3154857201628558 -16.441261349569999
6.1050676664006662 3.2785387831940231 -16.437197182473898
6.147926323279914 3.2445266188998869 -16.429082386148099
6.191459032696927 3.2129710994996148 -16.417480597474999
6.2356407700855012 3.18339409721237 -16.402955453337299
6.2804465108794334 3.1553174842573202 -16.386070590617599
6.3257925428544652 3.1284962922127719 -16.367191348858501
6.3713604031541413 3.1036181900936022 -16.345889878242801
6.4167729412639529 3.0816040062738268 -16.321540031613299
6.4616530066693914 3.0633745691274652 -16.293515661812702
6.5056234488559479 3.0498507070285341 -16.261190621683902
6.5481510564889653 3.0418477790083172 -16.224225715483399
6.588078374953195 3.039759266727164 -16.183429553122799
6.6240918888132381 3.043873182502689 -16.139897695927701
6.6548780826336991 3.0544775386525069 -16.0947257052234
6.6791234409791782 3.0718603474942339 -16.049009142335201
6.6960110415167309 3.0960127172103031 -16.003640467598299
6.7067103343232146 3.1257381394424208 -15.958699737385601
6.7128873625779404 3.1595432016971148 -15.914063907079999
6.7162081694602174 3.19593449148091 -15.869609932064201
6.7183387981493574 3.233418596300333 -15.8252147677207
6.7204442380445926 3.270826583197314 -15.7809323703496
6.7216852634248694 3.308287437355407 -15.7375246999186
6.7207215947890511 3.3462546234935688 -15.6959307173131
6.7162129526360053 3.38518160633076 -15.6570893834181

/group/right_iliac/243
243
pathId 2 posId 243 pos {6.7836677268023458 3.9842495422096831 -16.524824274691198} nrm {0.52149250786779899 0.39603285696298401 -0.75578008735576596} xhat {0 0.88576020622738905 0.46414314286005798}
7.2208843231201172 3.8602221012115479 -16.288133621215799
7.2076766769655336 3.9075039229467321 -16.2724712817562
7.1898283603789102 3.9538804834890922 -16.2604851871805
7.1678313992297156 3.9993950296926402 -16.251813217440599
7.1421778193874204 4.0440908084113891 -16.2460932524885
7.1133596467214941 4.0880110664993516 -16.242963172276198
7.0818221426695436 4.1310500915051307 -16.2421711785714
7.0478235109417353 4.1725063337556954 -16.2439067604057
7.0115751908163677 4.2115292842726086 -16.248469728626301
6.9732886215717436 4.2472684340774309 -16.2561598940807
6.933175242486163 4.2788732741917226 -16.267277067616199
6.8914868677893262 4.3056275654755218 -16.2820228352352
6.8486368115165179 4.327352148142757 -16.300205883560501
6.8050787626544231 4.3440021322458362 -16.321536674370002
6.761266410189724 4.3555326278371638 -16.345725669441499
6.7176534431091044 4.361898744969146 -16.3724833305529
6.6746304397935301 4.3631653675739326 -16.401506139682098
6.6323355362010963 4.3598364751026564 -16.432434659607701
6.5908437576841816 4.3525258208861892 -16.4648954733082
6.550230129595163 4.3418471582554066 -16.4985151637622
6.5105696772864183 4.3284142405411847 -16.532920313948299
6.472059331716645 4.3126474728656481 -16.567754708580999
6.4353836462698206 4.2941938675159301 -16.602730939318899
6.4013490799362396 4.2725070885704133 -16.637578799556501
6.3707620917062018 4.2470408001074844 -16.6720280826882
6.34442914057 4.2172486662055224 -16.705808582108499
6.3231448106229253 4.182811644397308 -16.738539216073299
6.3076561863802416 4.1443198660331921 -16.769395402283401
6.2986984774622066 4.1025907559179178 -16.7974416833008
6.2970068934890762 4.0584417388562297 -16.821742601687799
6.3033166440811081 4.0126902396528719 -16.8413627000064
6.3179953233943573 3.9661356378508699 -16.855629569721401
6.3399400637280712 3.919505131946373 -16.8649229979072
6.3676803819172934 3.8735078751738121 -16.869885820540901
6.3997457947970693 3.828853020767617 -16.871160873599699
6.4346658192024426 3.7862497219622169 -16.869390993060598
6.4712040929660972 3.7462833194454488 -16.86512239808
6.5090607379112724 3.7090439037187628 -16.858514840531299
6.5481699968588449 3.6744977527370142 -16.849631455467399
6.5884661126296926 3.6426111444550582 -16.838535377940801
6.629883328044694 3.6133503568277492 -16.8252897430045
6.6723442590053041 3.5867045725656559 -16.809953694944301
6.7157250137352884 3.5627545934021918 -16.7925704149791
6.7598900735389922 3.5416041258264821 -16.7731790935606
6.8047039197207573 3.5233568763276519 -16.751818921141101
6.850031033584929 3.5081165513948291 -16.728529088172301
6.8956371470033124 3.496102785534974 -16.703356154645299
6.9408929941175526 3.4879989253264072 -16.676376158707399
6.9850705596367648 3.4846042453652801 -16.6476725080447
7.0274418282700548 3.486718020247749 -16.617328610343499
7.0672787847265326 3.4951395245699688 -16.585427873290101
7.1038964080360687 3.5104346592546678 -16.552146370028002
7.1367816545115703 3.532235830530869 -16.518030835529899
7.1654644747867051 3.5599420709541691 -16.483720670225601
7.1894748194951417 3.592952413080166 -16.4498552745452
7.2083426392705467 3.6306658894644541 -16.417074048918401
7.2216922222409057 3.6724133380746742 -16.385986986852
7.2295252065114708 3.7172528185266391 -16.3570864541588
7.2319375676818147 3.7641741958482031 -16.3308354097286
7.2290252813515066 3.8121673350672212 -16.307696812451098

/group/right_iliac/256
256
pathId 2 posId 256 pos {7.240513041413374 4.3041591908199228 -17.351768678351899} nrm {0.38830579652275199 0.24254676440985401 -0.88903862427970004} xhat {0 0.96474131662429097 0.263199908810831}
7.789980411529541 4.3939614295959473 -17.087278366088899
7.7731260155371507 4.4449889599014369 -17.080718654793099
7.7509257292636073 4.4939474475510979 -17.077058247492399
7.723934582675497 4.540876235550229 -17.076044011080299
7.6927076057394039 4.5858146669041284 -17.077422812450301
7.6577998284219149 4.6288020846180933 -17.080941518496001
7.6197238076376257 4.6696054378822147 -17.086439859876499
7.5788222080931744 4.7069021006257508 -17.094129022312899
7.5353952214432081 4.7390970529627507 -17.1043130552919
7.4897430393423781 4.7645952750072658 -17.117296008300201
7.4421658534453314 4.781801746873346 -17.133381930824299
7.3930305865998189 4.7896382795736594 -17.152704720694199
7.3429710864260151 4.789094007715347 -17.174717669112098
7.2926879317371931 4.7816748968041676 -17.198703915623401
7.2428817013466276 4.7688869123458808 -17.223946599773502
7.1942529740675942 4.7522360198462454 -17.249728861107901
7.1473738254206864 4.7329776690982763 -17.2754583174769
7.1023023177557638 4.7113652470440099 -17.301040499950101
7.0589680101300072 4.687401624912737 -17.326505417902101
7.0173004616005974 4.6610896739337502 -17.351883080707399
6.9772292312247108 4.6324322653363401 -17.377203497740599
6.9387964325791538 4.6013615890067676 -17.402466787520801
6.9024943973192334 4.5675271094591681 -17.427553505145902
6.8689280116198779 4.530507609864646 -17.452314314858199
6.8387021616560224 4.4898818733943049 -17.4765998809001
6.8124217336025934 4.4452286832192476 -17.5002608675141
6.790854101457418 4.3964825978076947 -17.522979922907702
6.7754165905098827 4.3450012768163138 -17.543767631149301
6.7676890138722676 4.2924981551988868 -17.561466560272301
6.769251184656853 4.2406866679091966 -17.574919278310201
6.7816829159759191 4.191280249901026 -17.5829683532966
6.8058313913849311 4.1455646939203259 -17.5848930025081
6.8396132762120994 4.1031152238817201 -17.581719040193398
6.8802126062288194 4.0630794214920023 -17.574908929844799
6.9248134172064848 4.0246048684579652 -17.565925134954099
6.9705997449164929 3.986839146486401 -17.556230119013499
7.0153629955011851 3.9493365789828418 -17.54691010805
7.0593240565866937 3.9132784561477849 -17.537546378230498
7.1033111861700968 3.8802528098804641 -17.527343968257199
7.1481526422484727 3.8518476720801131 -17.5155079168321
7.1946766828189004 3.8296510746459669 -17.501243262657098
7.2434570169061159 3.814827536859295 -17.4839817499685
7.2940491576454871 3.8068475275294889 -17.464061945138099
7.3457540692000372 3.8047580028479779 -17.442049120071999
7.3978727157327917 3.8076059190061899 -17.4185085466762
7.4497060614067738 3.8144382321955499 -17.3940054968567
7.5005270707817564 3.824564168788906 -17.369045931509898
7.5494967100045018 3.8383420358847808 -17.343898567494001
7.5957479456185197 3.85639241076312 -17.318772810657599
7.6384137441673214 3.8793358707038679 -17.293878066849398
7.676627072194413 3.907792992986967 -17.269423741917901
7.7096984288725814 3.9421470488150798 -17.245606446032699
7.7376484438917048 3.9818320850817499 -17.222571606647001
7.7606752795709344 4.0260448426032367 -17.2004518555351
7.7789770982294231 4.0739820621958014 -17.179379824470999
7.792752062186322 4.1248404846757021 -17.159488145228998
7.8021128991120818 4.1778098497443343 -17.140948659404302
7.8068305980823434 4.2320518926436197 -17.124090047876901
7.8065907135240478 4.2867213475006141 -17.1092802013479
7.8010787998641344 4.3409729484423716 -17.096887010518198

/group/right_iliac/271
271
pathId 2 posId 271 pos {7.5873716440773382 4.5094877218695331 -18.291133152097402} nrm {0.30912232765983599 0.213221192776573 -0.92681179831349803} xhat {0 0.97454267154846796 0.224202099301444}
8.1411056518554688 4.697542667388916 -18.0631809234619
8.1155770771258595 4.747647097489696 -18.0601685705556
8.0826076757332626 4.7942830079245962 -18.060435876099699
8.0435339408173352 4.8366849194695511 -18.063713231149499
7.9996923655177303 4.874087352900494 -18.069731026760302
7.952419442974108 4.9057248289933586 -18.078219653987201
7.9028940769799743 4.9311685346509284 -18.088884592082898
7.8516648139442422 4.9513363212833834 -18.101331673088701
7.7991226109296754 4.9674827064277514 -18.115141817243401
7.7456584249990357 4.9808622076210636 -18.129895944785702
7.6916632132150893 4.9927293424003496 -18.145174975954301
7.6374883104825591 5.0038696710018238 -18.160680961682601
7.5833265630740163 5.0131929244584317 -18.1766004756821
7.5293311951039907 5.0191398765023081 -18.193241222359301
7.4756554306870147 5.0201513008655851 -18.210910906120201
7.4224524939376177 5.014667971280395 -18.2299172313712
7.3701593988472203 5.0014787283744644 -18.250393141355602
7.320348318914796 4.9807646803578924 -18.271772534664802
7.274875217516203 4.9530550023363711 -18.293314548727199
7.235596058027304 4.9188788694155949 -18.3142783209714
7.2043668038239597 4.8787654567012568 -18.333922988825801
7.1823813895782882 4.833316134694587 -18.3517119160108
7.1681856351474442 4.7834210554789696 -18.367925371414799
7.1596633316848379 4.7300425665333297 -18.383047850218102
7.1546982703438822 4.674143015336587 -18.397563847601099
7.151174242277988 4.6166847493676642 -18.411957858744
7.1476882219746951 4.5586248698066596 -18.4264776996073
7.1456899172580526 4.5008994926383714 -18.440424469272202
7.147342219286239 4.4444394875487729 -18.452862587599899
7.154808019217433 4.3901757242238384 -18.462856474451801
7.1702502082098114 4.3390390723495376 -18.469470549689099
7.1951561009351339 4.2917348239968929 -18.472046462659499
7.2283107061194816 4.2480659607770912 -18.471034780656598
7.2678234560025237 4.2076098866863676 -18.4671633004602
7.3118037828239197 4.169944005720958 -18.461159818850302
7.3583611188233364 4.1346457218770949 -18.453752132606802
7.4059355302427488 4.1015473089329912 -18.4454991213018
7.4542896193333794 4.0715005197947738 -18.436283995676
7.5035166223487577 4.0456119771505481 -18.425821049262101
7.5537097755424192 4.0249883036884198 -18.413824575592901
7.6049623151678949 4.0107361220964934 -18.4000088682014
7.6572745228513606 4.003650555326641 -18.384190899650498
7.7102748617095678 4.0032807273857971 -18.366598358623701
7.7634988402319074 4.008864262544666 -18.347561612834799
7.8164819669077712 4.0196387850739477 -18.327411029997499
7.8687597502265536 4.0348419192443457 -18.306476977825501
7.9197343532739932 4.0538951370148633 -18.2850919830578
7.9682745575212106 4.0769553010977111 -18.2635972085342
8.0131157990356723 4.1043631218934031 -18.242335976119801
8.0529935138848465 4.1364593098024507 -18.221651607679799
8.0866431381361998 4.1735845752253669 -18.2018874250791
8.1131886117603393 4.2158782724800838 -18.1833035173455
8.1333078903404363 4.2626743315542104 -18.1658270421567
8.1480674333627992 4.3131053263527717 -18.1493019243531
8.1585337003137433 4.3663038307807964 -18.133572088774802
8.1657731506795752 4.4214024187433116 -18.118481460262402
8.1704539352754288 4.4775537118984614 -18.104002180698899
8.1716509702317133 4.5339905229168638 -18.090619260139199
8.1680408630076613 4.5899657122222504 -18.0789459256813
8.158300221062504 4.6447321402383572 -18.069595404423001

/group/right_iliac/284
284
pathId 2 posId 284 pos {7.933242100189509 4.8349873905970728 -19.309687018714801} nrm {0.310174931223762 0.35820662398466702 -0.88061315375926696} xhat {0 0.92629866700957497 0.376790100050791}
8.5637054443359375 4.7574820518493652 -19.119148254394499
8.5531639362547747 4.8063319646418359 -19.102990428516598
8.5342237417249951 4.8545400436972743 -19.090052116156699
8.5081946926799468 4.9014634378780926 -19.080133384802298
8.4763866210529866 4.9464592960467009 -19.073034301940499
8.4401093587774625 4.9888847670655112 -19.068554935058501
8.4004933680197791 5.0281389570642263 -19.066541473839202
8.3579516318785352 5.0637888012417163 -19.0670245967477
8.3127177636853844 5.095443192064141 -19.0700811044448
8.2650253767719786 5.1227110219976613 -19.0757877975913
8.215108084469966 5.1452011835084379 -19.084221476847901
8.1632655131809226 5.1626535920626377 -19.0953824048682
8.1100613415861158 5.175332255126448 -19.108964692277102
8.0561252614367298 5.1836322031660629 -19.124585911692101
8.0020869644839525 5.1879484666476774 -19.141863635731099
7.9485761424789736 5.1886760760374813 -19.1604154370117
7.8961007504328364 5.1861370897707904 -19.179931432071101
7.8446817963959941 5.1803616781593904 -19.200391913125401
7.7942185516787648 5.1713070394841854 -19.221849716309901
7.7446102875914589 5.1589303720260808 -19.244357677760199
7.6957562754443893 5.1431888740659817 -19.267968633611801
7.6477931794881329 5.1239703645871106 -19.292680039224098
7.6018072357343156 5.1008851453819632 -19.318267826851699
7.5591220731348283 5.0734741389453539 -19.344452547973098
7.5210613206415609 5.0412782677720962 -19.370954754066702
7.4889486072064031 5.0038384543570036 -19.397494996611002
7.4639339205740969 4.9610309179554299 -19.4237185959648
7.4464726836607902 4.914073064864886 -19.448969948008799
7.4368466781754847 4.8645175981434248 -19.4725182175039
7.4353376858271796 4.8139172208490963 -19.493632569211101
7.4422274883248756 4.763824636039951 -19.511582167891401
7.4575570055524789 4.7155364804014068 -19.525825164260301
7.4804037100935092 4.6693251251283447 -19.536575652851901
7.5096042127063933 4.6252068750430109 -19.5442367141547
7.5439951241495571 4.5831980349676522 -19.549211428657301
7.5824130551814273 4.543314909724514 -19.551902876848199
7.623835289919791 4.5056166567754179 -19.552647184295299
7.6678018059198836 4.470333844140483 -19.551512656882998
7.7139932540963043 4.4377398924794011 -19.548500645575
7.762090285363648 4.4081082224518644 -19.543612501334799
7.8117735506365129 4.3817122547175673 -19.536849575126201
7.8627295933221726 4.3588113156645516 -19.528216850959701
7.9146685267986037 4.339608354594259 -19.517733845033501
7.9673063569364606 4.3242922265364836 -19.505423706592701
8.0203590896063979 4.3130517865210161 -19.491309584882501
8.0735427306790672 4.3060758895776488 -19.475414629147899
8.1265062960978316 4.303589014322549 -19.457771113438199
8.1786308420968865 4.305958133717378 -19.438447811017799
8.2292304349831369 4.3135858443101718 -19.417522619955399
8.2776191410634876 4.3268747426489664 -19.395073438319599
8.3231110266448418 4.3462274252817981 -19.3711781641789
8.3651439574323909 4.371832305148712 -19.3459581857289
8.4036509967244797 4.4030210607577924 -19.3197088516728
8.4386890072177323 4.4389111870091309 -19.292769000841101
8.4703148516087801 4.4786201788028226 -19.2654774720639
8.4985853925942507 4.5212655310389573 -19.238173104171601
8.5233343464989009 4.5660433948695482 -19.211241377733302
8.5435028441600007 4.6124645464542811 -19.1852543402733
8.5578088700429422 4.6601184182047586 -19.160830681054701
8.5649704086131226 4.7085944425325863 -19.138589089340702

/group/right_iliac/291
291
pathId 2 posId 291 pos {8.1585477914187834 5.1098424493772177 -19.939774008344301} nrm {0.31234118769088498 0.39711326108761003 -0.86298553889402496} xhat {0 0.90843452709584005 0.41802716416538999}
8.7122077941894531 5.1756882667541504 -19.7090873718262
8.6868223472232415 5.2270768683433042 -19.694628108976399
8.6533823392264999 5.2756505761578927 -19.684379256157602
8.6135611035585207 5.3208844751386319 -19.677976766474899
8.5690319735785963 5.3622536502262363 -19.675056593033901
8.5214682826460226 5.3992331863614194 -19.675254688939901
8.4722660669878103 5.4314499683482982 -19.678237510073199
8.4217121743018524 5.4591380804445961 -19.683793523412699
8.3698161551537584 5.4826834067714394 -19.691741698712502
8.3165875601091415 5.5024718314499506 -19.701901005726501
8.2620359397336127 5.5188892386012576 -19.714090414208499
8.2062612421183143 5.532221494235996 -19.728142194512099
8.1497250054565225 5.542354391922852 -19.743941819388901
8.0929791654670442 5.5490737071200229 -19.761388062190299
8.0365756578686867 5.5521652152857044 -19.780379696267602
7.9810664183802604 5.5514146918780947 -19.800815494971999
7.9270085229214908 5.5465431645744276 -19.8226221851864
7.8749796082157957 5.537012669928087 -19.845838307918399
7.8255624511875128 5.5222204967114914 -19.870530357707501
7.7793398287609792 5.5015639336970619 -19.896764829092799
7.7368945178605326 5.474440269657217 -19.924608216613599
7.6988278815670554 5.4405310136190108 -19.953989479966701
7.6658156275876124 5.4006545556280319 -19.984287439479399
7.6385520497858153 5.3559135059845024 -20.014743380636801
7.6177314420252724 5.3074104749886448 -20.044598588923801
7.6040480981695957 5.2562480729406804 -20.0730943498253
7.5979759087823613 5.2034349909176587 -20.099594943936001
7.5991071512270114 5.1496042431039486 -20.1239566322899
7.6068136995669509 5.0952949244607462 -20.146158671030701
7.6204674278655906 5.0410461299492457 -20.166180316302
7.6394402101863381 4.9873969545306416 -20.184000824247502
7.6632122258314013 4.9349670506509824 -20.199523189728399
7.6916968750581924 4.884698300695705 -20.212345362475499
7.7249158633629218 4.8376131445351014 -20.221989030937301
7.7628908962418048 4.794734022039461 -20.2279758835619
7.8056436791910517 4.7570833730790749 -20.229827608797802
7.8530319358756726 4.7253625631686402 -20.227272980676599
7.9042574626358633 4.6989886604004854 -20.220869115562799
7.958358073980615 4.6770576585113464 -20.211380215404301
8.0143715844189209 4.6586655512379611 -20.1995704821489
8.0713358084597751 4.6429083323170648 -20.1862041177443
8.1284116772690815 4.6291699472371066 -20.171868275727999
8.1852525886404024 4.6179861484933822 -20.156441915995099
8.2416350570242116 4.6101806403329011 -20.139626950030401
8.297335596870985 4.6065771270026712 -20.1211252893184
8.3521307226311983 4.6079993127497012 -20.100638845344001
8.405690296648622 4.6151006934172338 -20.0779864266012
8.4572575728402164 4.6278539312334468 -20.053454429621301
8.5059691530162365 4.6460614800227518 -20.027446147945302
8.550961638986939 4.6695257936095613 -20.000364875113899
8.5913716325625789 4.6980493258182863 -19.972613904667899
8.626523185776465 4.7314067627521794 -19.944541497621302
8.656490151554129 4.769261719629851 -19.916275784880099
8.6815338330441509 4.8112500439487507 -19.887889864823901
8.7019155333951144 4.8570075832063297 -19.8594568358318
8.717896555755603 4.9061701849000379 -19.8310497962831
8.7295083687645043 4.958256692322788 -19.802878840464
8.7358631030219254 5.0123179319493456 -19.775702046288298
8.7358430546182824 5.0672877260499396 -19.7504144875764
8.7283305196439862 5.1220998968947997 -19.727911238148799

