/group/LPA_01/6
6
num_smooth_modes 6 center_x 0.0 center_y 0.0 center_x_in_pixels 0 pathId 2 center_y_in_pixels 0 creation_method threshold shifted_origin {14.9443 -14.9971 -1.7188} paste_pos {-18.744365 16.370620 -8.872077} creation_type threshold threshold_value 250 paste_xhat {0.000000 0.226981 0.973899} paste_nrm {-0.082427 -0.970585 0.226208} pos {-18.897672 15.133418 -8.652491} paste_posId 6 nrm {-0.170743 -0.979517 0.106742} xhat {0.000000 0.108333 0.994115} scale_factor 0.947625 paste_pathId 2 posId 9
-2.675100 1.271400 -10.619300
-2.663300 1.280500 -10.575700
-2.653400 1.289900 -10.531800
-2.645600 1.299500 -10.487700
-2.639800 1.309400 -10.443400
-2.636300 1.319400 -10.399100
-2.635100 1.329600 -10.354900
-2.636200 1.339900 -10.310900
-2.639800 1.350400 -10.267200
-2.645900 1.361000 -10.223900
-2.654500 1.371700 -10.181200
-2.665500 1.382500 -10.139100
-2.679000 1.393300 -10.097700
-2.694800 1.404100 -10.057100
-2.712900 1.414900 -10.017300
-2.733200 1.425600 -9.978510
-2.755500 1.436400 -9.940660
-2.779900 1.447000 -9.903830
-2.806000 1.457600 -9.868070
-2.833900 1.468000 -9.833410
-2.863400 1.478300 -9.799900
-2.894300 1.488500 -9.767570
-2.926600 1.498500 -9.736470
-2.960100 1.508300 -9.706630
-2.994800 1.517900 -9.678110
-3.030500 1.527200 -9.650950
-3.067200 1.536300 -9.625230
-3.104900 1.545200 -9.601010
-3.143400 1.553700 -9.578360
-3.182900 1.562000 -9.557370
-3.223100 1.569900 -9.538110
-3.264100 1.577400 -9.520670
-3.305800 1.584600 -9.505150
-3.348200 1.591300 -9.491620
-3.391300 1.597700 -9.480170
-3.434900 1.603500 -9.470880
-3.479100 1.608900 -9.463810
-3.523700 1.613800 -9.459020
-3.568600 1.618200 -9.456560
-3.613800 1.622100 -9.456460
-3.659000 1.625400 -9.458750
-3.704300 1.628200 -9.463410
-3.749300 1.630300 -9.470450
-3.794100 1.632000 -9.479830
-3.838400 1.633000 -9.491510
-3.882100 1.633500 -9.505440
-3.925000 1.633300 -9.521560
-3.967000 1.632700 -9.539790
-4.008000 1.631400 -9.560040
-4.047900 1.629600 -9.582230
-4.086600 1.627300 -9.606260
-4.123900 1.624500 -9.632040
-4.159900 1.621200 -9.659470
-4.194400 1.617300 -9.688450
-4.227500 1.613000 -9.718900
-4.259100 1.608300 -9.750730
-4.289200 1.603100 -9.783840
-4.317800 1.597600 -9.818170
-4.345000 1.591600 -9.853630
-4.370800 1.585300 -9.890160
-4.395100 1.578600 -9.927670
-4.418000 1.571600 -9.966110
-4.439600 1.564300 -10.005400
-4.459700 1.556600 -10.045500
-4.478500 1.548700 -10.086300
-4.495900 1.540500 -10.127900
-4.511800 1.532100 -10.170000
-4.526300 1.523400 -10.212600
-4.539300 1.514400 -10.255700
-4.550700 1.505300 -10.299100
-4.560400 1.495900 -10.342900
-4.568400 1.486300 -10.386900
-4.574600 1.476600 -10.431000
-4.578900 1.466600 -10.475200
-4.581300 1.456500 -10.519400
-4.581700 1.446300 -10.563500
-4.580000 1.435900 -10.607400
-4.576200 1.425400 -10.651000
-4.570300 1.414800 -10.694300
-4.562200 1.404100 -10.737200
-4.551900 1.393400 -10.779600
-4.539500 1.382600 -10.821500
-4.525000 1.371700 -10.862700
-4.508400 1.360900 -10.903300
-4.489800 1.350000 -10.943100
-4.469300 1.339100 -10.982200
-4.446900 1.328300 -11.020400
-4.422700 1.317600 -11.057700
-4.396800 1.306900 -11.094000
-4.369200 1.296400 -11.129300
-4.340200 1.286000 -11.163400
-4.309700 1.275700 -11.196300
-4.277800 1.265600 -11.227800
-4.244600 1.255800 -11.258000
-4.210100 1.246200 -11.286700
-4.174500 1.236800 -11.313700
-4.137700 1.227800 -11.339000
-4.099800 1.219100 -11.362500
-4.060900 1.210800 -11.384100
-4.021100 1.202900 -11.403500
-3.980300 1.195400 -11.420900
-3.938700 1.188300 -11.435900
-3.896200 1.181800 -11.448600
-3.853100 1.175700 -11.458900
-3.809300 1.170200 -11.466800
-3.765100 1.165200 -11.472100
-3.720400 1.160700 -11.474900
-3.675400 1.156800 -11.475100
-3.630200 1.153500 -11.472900
-3.585000 1.150800 -11.468100
-3.540000 1.148700 -11.460900
-3.495200 1.147100 -11.451200
-3.450800 1.146100 -11.439300
-3.406900 1.145700 -11.425200
-3.363700 1.145800 -11.409000
-3.321400 1.146400 -11.390800
-3.280000 1.147600 -11.370700
-3.239600 1.149300 -11.348900
-3.200300 1.151400 -11.325300
-3.162100 1.154000 -11.300300
-3.125200 1.157000 -11.273800
-3.089600 1.160500 -11.246000
-3.055200 1.164400 -11.216900
-3.022200 1.168600 -11.186600
-2.990300 1.173200 -11.155200
-2.959800 1.178200 -11.122700
-2.930500 1.183500 -11.089300
-2.902300 1.189200 -11.054800
-2.875400 1.195100 -11.019400
-2.849700 1.201400 -10.983000
-2.825100 1.208000 -10.945800
-2.801700 1.214900 -10.907600
-2.779500 1.222100 -10.868600
-2.758600 1.229600 -10.828800
-2.739000 1.237400 -10.788300
-2.720700 1.245500 -10.747000
-2.703900 1.253800 -10.705000
-2.688700 1.262500 -10.662400

/group/LPA_01/9
9
num_smooth_modes 6 center_x 0.0 center_y 0.0 center_x_in_pixels 0 pathId 2 center_y_in_pixels 0 creation_method threshold shifted_origin {14.9443 -14.9971 -1.7188} creation_type threshold threshold_value 250 pos {-18.897672 15.133418 -8.652491} xhat {0.000000 0.108333 0.994115} nrm {-0.170743 -0.979517 0.106742} scale_factor 0.9975 posId 9
-2.792100 -0.070300 -10.409500
-2.779800 -0.067300 -10.362700
-2.769500 -0.064000 -10.315500
-2.761300 -0.060200 -10.268100
-2.755300 -0.056100 -10.220500
-2.751600 -0.051500 -10.173000
-2.750400 -0.046600 -10.125400
-2.751600 -0.041200 -10.078200
-2.755400 -0.035500 -10.031200
-2.761700 -0.029300 -9.984730
-2.770600 -0.022700 -9.938810
-2.782100 -0.015800 -9.893550
-2.796100 -0.008500 -9.849060
-2.812500 -0.000900 -9.805420
-2.831400 0.007100 -9.762700
-2.852500 0.015300 -9.720970
-2.875800 0.023800 -9.680280
-2.901100 0.032500 -9.640700
-2.928300 0.041400 -9.602260
-2.957300 0.050600 -9.565000
-2.988000 0.059800 -9.528980
-3.020200 0.069200 -9.494220
-3.053800 0.078700 -9.460780
-3.088700 0.088300 -9.428700
-3.124700 0.097900 -9.398020
-3.161900 0.107600 -9.368830
-3.200100 0.117300 -9.341170
-3.239300 0.126900 -9.315120
-3.279500 0.136600 -9.290760
-3.320500 0.146200 -9.268170
-3.362300 0.155800 -9.247450
-3.405000 0.165200 -9.228700
-3.448400 0.174600 -9.211990
-3.492600 0.183900 -9.197430
-3.537400 0.193100 -9.185100
-3.582800 0.202100 -9.175090
-3.628800 0.210900 -9.167460
-3.675200 0.219600 -9.162290
-3.721900 0.228000 -9.159620
-3.768900 0.236200 -9.159480
-3.816000 0.244200 -9.161910
-3.863100 0.251800 -9.166890
-3.910000 0.259200 -9.174420
-3.956600 0.266200 -9.184470
-4.002700 0.272900 -9.197000
-4.048200 0.279200 -9.211940
-4.092800 0.285100 -9.229230
-4.136600 0.290600 -9.248790
-4.179300 0.295700 -9.270520
-4.220800 0.300300 -9.294340
-4.261000 0.304500 -9.320140
-4.299900 0.308300 -9.347810
-4.337300 0.311600 -9.377260
-4.373200 0.314400 -9.408380
-4.407600 0.316900 -9.441080
-4.440500 0.318900 -9.475250
-4.471800 0.320500 -9.510820
-4.501700 0.321600 -9.547680
-4.530000 0.322400 -9.585770
-4.556800 0.322800 -9.625000
-4.582100 0.322800 -9.665290
-4.605900 0.322500 -9.706580
-4.628400 0.321800 -9.748800
-4.649400 0.320800 -9.791870
-4.668900 0.319400 -9.835740
-4.687000 0.317700 -9.880320
-4.703600 0.315700 -9.925540
-4.718700 0.313300 -9.971340
-4.732100 0.310600 -10.017600
-4.744000 0.307600 -10.064300
-4.754100 0.304200 -10.111300
-4.762400 0.300500 -10.158600
-4.768900 0.296500 -10.206000
-4.773400 0.292100 -10.253500
-4.775900 0.287400 -10.301000
-4.776300 0.282300 -10.348300
-4.774500 0.276800 -10.395500
-4.770600 0.271000 -10.442400
-4.764400 0.264900 -10.488900
-4.756000 0.258400 -10.535000
-4.745300 0.251600 -10.580600
-4.732400 0.244400 -10.625500
-4.717300 0.236900 -10.669900
-4.700000 0.229200 -10.713500
-4.680600 0.221100 -10.756300
-4.659300 0.212800 -10.798300
-4.635900 0.204300 -10.839400
-4.610800 0.195500 -10.879500
-4.583800 0.186600 -10.918500
-4.555200 0.177500 -10.956400
-4.524900 0.168200 -10.993100
-4.493200 0.158800 -11.028400
-4.460000 0.149300 -11.062400
-4.425400 0.139800 -11.094800
-4.389600 0.130200 -11.125600
-4.352500 0.120500 -11.154700
-4.314200 0.110900 -11.181900
-4.274800 0.101300 -11.207200
-4.234300 0.091700 -11.230400
-4.192800 0.082200 -11.251300
-4.150400 0.072700 -11.269900
-4.107100 0.063400 -11.286200
-4.062900 0.054200 -11.299900
-4.018000 0.045200 -11.311000
-3.972500 0.036300 -11.319400
-3.926400 0.027700 -11.325200
-3.879900 0.019200 -11.328200
-3.833100 0.011000 -11.328500
-3.786100 0.003100 -11.326100
-3.739000 -0.004500 -11.320900
-3.692100 -0.011900 -11.313200
-3.645500 -0.018900 -11.302900
-3.599300 -0.025500 -11.290200
-3.553700 -0.031800 -11.275000
-3.508700 -0.037800 -11.257600
-3.464700 -0.043300 -11.238100
-3.421500 -0.048500 -11.216500
-3.379500 -0.053300 -11.193000
-3.338600 -0.057600 -11.167800
-3.298900 -0.061600 -11.140900
-3.260500 -0.065200 -11.112500
-3.223400 -0.068400 -11.082600
-3.187700 -0.071300 -11.051400
-3.153300 -0.073700 -11.018900
-3.120100 -0.075800 -10.985200
-3.088300 -0.077600 -10.950300
-3.057800 -0.079000 -10.914300
-3.028600 -0.080000 -10.877300
-3.000500 -0.080800 -10.839300
-2.973700 -0.081200 -10.800200
-2.948200 -0.081300 -10.760200
-2.923800 -0.081100 -10.719200
-2.900800 -0.080500 -10.677400
-2.879000 -0.079700 -10.634600
-2.858600 -0.078500 -10.591000
-2.839600 -0.076900 -10.546700
-2.822100 -0.075100 -10.501600
-2.806200 -0.072900 -10.455800

/group/LPA_01/12
12
num_smooth_modes 6 center_x 0.0 center_y 0.0 center_x_in_pixels 0 pathId 2 center_y_in_pixels 0 creation_method threshold shifted_origin {14.9443 -14.9971 -1.7188} creation_type threshold threshold_value 250 pos {-19.171867 14.018309 -8.633631} xhat {0.000000 0.109949 -0.993937} nrm {-0.325139 -0.939933 -0.103975} posId 12
-5.010600 -0.640500 -10.962200
-4.992300 -0.642100 -11.005100
-4.972200 -0.644400 -11.046900
-4.950100 -0.647500 -11.087500
-4.926100 -0.651500 -11.126700
-4.900100 -0.656300 -11.164600
-4.872000 -0.662000 -11.201000
-4.841900 -0.668500 -11.235900
-4.809900 -0.675900 -11.269200
-4.775900 -0.684200 -11.300900
-4.740000 -0.693300 -11.330900
-4.702300 -0.703200 -11.359000
-4.663000 -0.713900 -11.385300
-4.622200 -0.725300 -11.409600
-4.580000 -0.737500 -11.431900
-4.536600 -0.750200 -11.452100
-4.492200 -0.763600 -11.470100
-4.447000 -0.777500 -11.486000
-4.401100 -0.791900 -11.499600
-4.354700 -0.806600 -11.511000
-4.308100 -0.821800 -11.520000
-4.261400 -0.837200 -11.526800
-4.214700 -0.852800 -11.531200
-4.168200 -0.868700 -11.533400
-4.122100 -0.884700 -11.533300
-4.076300 -0.900700 -11.531000
-4.031200 -0.916800 -11.526600
-3.986600 -0.933000 -11.520000
-3.942600 -0.949100 -11.511500
-3.899400 -0.965300 -11.500900
-3.856800 -0.981400 -11.488500
-3.815000 -0.997400 -11.474300
-3.773800 -1.013400 -11.458300
-3.733400 -1.029300 -11.440700
-3.693600 -1.045200 -11.421600
-3.654500 -1.061000 -11.400900
-3.616100 -1.076800 -11.378700
-3.578300 -1.092500 -11.355100
-3.541100 -1.108100 -11.330100
-3.504600 -1.123600 -11.303800
-3.468800 -1.139100 -11.276100
-3.433700 -1.154400 -11.247200
-3.399300 -1.169700 -11.217000
-3.365800 -1.184800 -11.185500
-3.333100 -1.199700 -11.152700
-3.301500 -1.214400 -11.118600
-3.271000 -1.228900 -11.083300
-3.241600 -1.243000 -11.046700
-3.213600 -1.256900 -11.008900
-3.187000 -1.270400 -10.970000
-3.162000 -1.283500 -10.929800
-3.138600 -1.296200 -10.888600
-3.117000 -1.308300 -10.846300
-3.097300 -1.319900 -10.803000
-3.079600 -1.330900 -10.758900
-3.064000 -1.341300 -10.713900
-3.050500 -1.351000 -10.668300
-3.039200 -1.360000 -10.622000
-3.030200 -1.368300 -10.575300
-3.023400 -1.375900 -10.528200
-3.018800 -1.382700 -10.480800
-3.016600 -1.388700 -10.433400
-3.016500 -1.394000 -10.385800
-3.018700 -1.398500 -10.338400
-3.023100 -1.402200 -10.291100
-3.029500 -1.405200 -10.244100
-3.038100 -1.407400 -10.197400
-3.048600 -1.408900 -10.151100
-3.061000 -1.409700 -10.105300
-3.075300 -1.409700 -10.060000
-3.091400 -1.409100 -10.015100
-3.109100 -1.407900 -9.970860
-3.128600 -1.406000 -9.927160
-3.149600 -1.403500 -9.884050
-3.172100 -1.400400 -9.841540
-3.196000 -1.396800 -9.799650
-3.221400 -1.392600 -9.758410
-3.248100 -1.387800 -9.717830
-3.276100 -1.382500 -9.677960
-3.305400 -1.376700 -9.638840
-3.335900 -1.370400 -9.600530
-3.367600 -1.363600 -9.563120
-3.400400 -1.356300 -9.526680
-3.434200 -1.348500 -9.491330
-3.469100 -1.340200 -9.457170
-3.505000 -1.331400 -9.424330
-3.541900 -1.322100 -9.392960
-3.579600 -1.312400 -9.363190
-3.618100 -1.302100 -9.335190
-3.657400 -1.291400 -9.309090
-3.697500 -1.280200 -9.285050
-3.738200 -1.268600 -9.263210
-3.779500 -1.256400 -9.243700
-3.821400 -1.243800 -9.226650
-3.863700 -1.230800 -9.212150
-3.906400 -1.217300 -9.200290
-3.949500 -1.203400 -9.191140
-3.992800 -1.189200 -9.184740
-4.036400 -1.174500 -9.181090
-4.080200 -1.159500 -9.180200
-4.124000 -1.144100 -9.182030
-4.167900 -1.128400 -9.186540
-4.211700 -1.112500 -9.193640
-4.255400 -1.096300 -9.203250
-4.298900 -1.079900 -9.215250
-4.342200 -1.063400 -9.229530
-4.385100 -1.046700 -9.245960
-4.427700 -1.029900 -9.264410
-4.469700 -1.013100 -9.284740
-4.511200 -0.996400 -9.306820
-4.551900 -0.979600 -9.330530
-4.591900 -0.963000 -9.355740
-4.631000 -0.946600 -9.382340
-4.669100 -0.930300 -9.410250
-4.706100 -0.914300 -9.439370
-4.741900 -0.898500 -9.469650
-4.776400 -0.883100 -9.501040
-4.809500 -0.868100 -9.533480
-4.841100 -0.853400 -9.566970
-4.871100 -0.839200 -9.601480
-4.899500 -0.825500 -9.637020
-4.926100 -0.812300 -9.673570
-4.950900 -0.799500 -9.711150
-4.973900 -0.787300 -9.749770
-4.995100 -0.775600 -9.789420
-5.014400 -0.764400 -9.830120
-5.031800 -0.753800 -9.871860
-5.047400 -0.743600 -9.914620
-5.061100 -0.734000 -9.958380
-5.073100 -0.725000 -10.003100
-5.083300 -0.716400 -10.048700
-5.091900 -0.708300 -10.095200
-5.098900 -0.700600 -10.142500
-5.104300 -0.693400 -10.190500
-5.108300 -0.686700 -10.239100
-5.110900 -0.680300 -10.288100
-5.112100 -0.674500 -10.337600
-5.112100 -0.669000 -10.387300
-5.110700 -0.663900 -10.437200
-5.108200 -0.659300 -10.487100
-5.104400 -0.655100 -10.536900
-5.099400 -0.651300 -10.586500
-5.093200 -0.648000 -10.635700
-5.085700 -0.645200 -10.684500
-5.076900 -0.642900 -10.732800
-5.066700 -0.641200 -10.780400
-5.055000 -0.640000 -10.827200
-5.041800 -0.639500 -10.873100
-5.027000 -0.639700 -10.918200

/group/LPA_01/15
15
num_smooth_modes 6 xhat {0.000000 0.438315 -0.898821} nrm {-0.499601 -0.778609 -0.379693} num_subsample_pts 113 creation_method hand_drawn pathId 2 pos {-19.568853 13.165504 -8.857933} creation_type threshold shifted_origin {14.9443 -14.9971 -1.7188} posId 15 num_hand_picked_pts 23
-3.961500 -2.292400 -10.504300
-3.992100 -2.296300 -10.455900
-4.024200 -2.298900 -10.408500
-4.057500 -2.300200 -10.361900
-4.092000 -2.300500 -10.315900
-4.127700 -2.299800 -10.270500
-4.164400 -2.298100 -10.225600
-4.202300 -2.295400 -10.181200
-4.241400 -2.291800 -10.137200
-4.281700 -2.287100 -10.093900
-4.323200 -2.281200 -10.051300
-4.365900 -2.274000 -10.009900
-4.409800 -2.265400 -9.969790
-4.454800 -2.255200 -9.931480
-4.501000 -2.243200 -9.895360
-4.548000 -2.229300 -9.861860
-4.595700 -2.213500 -9.831410
-4.644100 -2.195700 -9.804380
-4.692800 -2.175800 -9.781090
-4.741700 -2.153800 -9.761780
-4.790700 -2.129800 -9.746610
-4.839400 -2.103900 -9.735610
-4.887800 -2.076200 -9.728740
-4.935800 -2.046800 -9.725840
-4.983200 -2.016000 -9.726670
-5.030100 -1.983800 -9.730920
-5.076400 -1.950500 -9.738230
-5.122200 -1.916300 -9.748220
-5.167300 -1.881300 -9.760510
-5.212000 -1.845800 -9.774750
-5.256000 -1.809800 -9.790640
-5.299500 -1.773400 -9.807940
-5.342400 -1.736800 -9.826500
-5.384600 -1.700100 -9.846280
-5.425900 -1.663400 -9.867280
-5.466100 -1.626700 -9.889640
-5.504900 -1.590100 -9.913520
-5.542100 -1.553800 -9.939170
-5.577200 -1.517700 -9.966850
-5.609900 -1.482100 -9.996820
-5.639800 -1.447100 -10.029300
-5.666500 -1.412800 -10.064600
-5.689500 -1.379400 -10.102700
-5.708700 -1.347100 -10.143800
-5.723600 -1.316100 -10.187700
-5.734100 -1.286600 -10.234400
-5.740100 -1.258800 -10.283600
-5.741500 -1.232800 -10.334900
-5.738400 -1.208900 -10.388000
-5.731000 -1.187100 -10.442500
-5.719400 -1.167600 -10.497700
-5.703900 -1.150400 -10.553300
-5.684900 -1.135600 -10.608800
-5.662700 -1.123100 -10.663700
-5.637700 -1.112800 -10.717600
-5.610300 -1.104600 -10.770400
-5.580800 -1.098500 -10.821700
-5.549600 -1.094300 -10.871500
-5.516900 -1.091800 -10.919600
-5.482900 -1.090900 -10.966300
-5.447800 -1.091400 -11.011400
-5.411600 -1.093200 -11.055300
-5.374600 -1.096200 -11.098000
-5.336500 -1.100300 -11.139700
-5.297400 -1.105400 -11.180500
-5.257300 -1.111700 -11.220400
-5.216100 -1.119000 -11.259700
-5.173700 -1.127400 -11.298100
-5.130100 -1.137100 -11.335700
-5.085400 -1.148000 -11.372100
-5.039500 -1.160300 -11.407400
-4.992500 -1.174100 -11.441000
-4.944500 -1.189400 -11.472700
-4.895600 -1.206300 -11.502300
-4.846100 -1.224900 -11.529300
-4.796000 -1.245200 -11.553500
-4.745700 -1.267200 -11.574700
-4.695300 -1.290900 -11.592500
-4.644900 -1.316200 -11.606900
-4.594900 -1.343000 -11.617700
-4.545200 -1.371300 -11.625100
-4.496100 -1.400900 -11.628900
-4.447700 -1.431700 -11.629400
-4.400000 -1.463700 -11.626700
-4.353100 -1.496600 -11.620900
-4.307000 -1.530400 -11.612200
-4.261900 -1.564900 -11.600700
-4.217700 -1.600100 -11.586700
-4.174500 -1.635900 -11.570300
-4.132400 -1.672100 -11.551400
-4.091600 -1.708600 -11.530300
-4.052200 -1.745400 -11.506700
-4.014400 -1.782200 -11.480800
-3.978600 -1.819100 -11.452400
-3.944900 -1.855800 -11.421500
-3.913700 -1.892100 -11.388000
-3.885300 -1.928000 -11.351800
-3.860000 -1.963100 -11.313000
-3.838100 -1.997400 -11.271600
-3.819900 -2.030500 -11.227700
-3.805600 -2.062300 -11.181400
-3.795300 -2.092500 -11.132900
-3.789200 -2.120900 -11.082600
-3.787400 -2.147400 -11.030700
-3.789600 -2.171800 -10.977700
-3.795900 -2.194000 -10.923900
-3.806100 -2.213900 -10.869700
-3.819900 -2.231500 -10.815500
-3.837000 -2.246800 -10.761600
-3.857100 -2.259900 -10.708200
-3.879900 -2.270900 -10.655700
-3.905100 -2.279800 -10.604200
-3.932400 -2.286900 -10.553700

/group/LPA_01/18
18
num_smooth_modes 6 center_x 0.0 center_y 0.0 center_x_in_pixels 0 pathId 2 center_y_in_pixels 0 creation_method threshold shifted_origin {14.9443 -14.9971 -1.7188} creation_type threshold threshold_value 250 pos {-20.056448 12.601988 -9.301102} xhat {0.000000 0.784341 -0.620330} nrm {-0.594342 -0.498877 -0.630777} posId 18
-5.765100 -2.319500 -10.464500
-5.775800 -2.279600 -10.485900
-5.784600 -2.240300 -10.508700
-5.791400 -2.201800 -10.532800
-5.796200 -2.164000 -10.558200
-5.799100 -2.127100 -10.584600
-5.800100 -2.091000 -10.612100
-5.799400 -2.055900 -10.640600
-5.796900 -2.021700 -10.670000
-5.792800 -1.988300 -10.700300
-5.787200 -1.955800 -10.731300
-5.780000 -1.924200 -10.763000
-5.771500 -1.893400 -10.795400
-5.761600 -1.863500 -10.828400
-5.750300 -1.834400 -10.862000
-5.737800 -1.806200 -10.896100
-5.724100 -1.778900 -10.930700
-5.709000 -1.752400 -10.965800
-5.692800 -1.727000 -11.001200
-5.675200 -1.702700 -11.037000
-5.656400 -1.679500 -11.073000
-5.636300 -1.657700 -11.109300
-5.614800 -1.637300 -11.145600
-5.592000 -1.618400 -11.182000
-5.567900 -1.601300 -11.218300
-5.542400 -1.586100 -11.254400
-5.515500 -1.572900 -11.290100
-5.487400 -1.561900 -11.325300
-5.458000 -1.553200 -11.359900
-5.427400 -1.546900 -11.393700
-5.395700 -1.543200 -11.426500
-5.363000 -1.542100 -11.458200
-5.329300 -1.543600 -11.488700
-5.294900 -1.547900 -11.517700
-5.259800 -1.554800 -11.545300
-5.224200 -1.564400 -11.571300
-5.188100 -1.576600 -11.595700
-5.151700 -1.591300 -11.618400
-5.115100 -1.608400 -11.639300
-5.078500 -1.627700 -11.658600
-5.041800 -1.649100 -11.676200
-5.005300 -1.672500 -11.692200
-4.968900 -1.697600 -11.706600
-4.932700 -1.724300 -11.719500
-4.896900 -1.752500 -11.730900
-4.861500 -1.781900 -11.741000
-4.826500 -1.812400 -11.749800
-4.792100 -1.844000 -11.757400
-4.758200 -1.876300 -11.763600
-4.725100 -1.909500 -11.768700
-4.692700 -1.943300 -11.772400
-4.661300 -1.977800 -11.774800
-4.630800 -2.012800 -11.775800
-4.601500 -2.048300 -11.775300
-4.573500 -2.084300 -11.773200
-4.547000 -2.120800 -11.769400
-4.522100 -2.157700 -11.763600
-4.498900 -2.195100 -11.755900
-4.477700 -2.232800 -11.746100
-4.458500 -2.270900 -11.734100
-4.441500 -2.309200 -11.719700
-4.426800 -2.347700 -11.703100
-4.414500 -2.386300 -11.684200
-4.404700 -2.424900 -11.662900
-4.397400 -2.463300 -11.639500
-4.392600 -2.501300 -11.613900
-4.390300 -2.538900 -11.586300
-4.390400 -2.575800 -11.557000
-4.393000 -2.611900 -11.526100
-4.397800 -2.646900 -11.493900
-4.404900 -2.680700 -11.460500
-4.414000 -2.713100 -11.426200
-4.425200 -2.744100 -11.391200
-4.438100 -2.773400 -11.355800
-4.452800 -2.801000 -11.320100
-4.469100 -2.826800 -11.284400
-4.486900 -2.850700 -11.248700
-4.506100 -2.872800 -11.213200
-4.526600 -2.893000 -11.177900
-4.548300 -2.911400 -11.142800
-4.571300 -2.928100 -11.108000
-4.595300 -2.943000 -11.073500
-4.620500 -2.956400 -11.039200
-4.646700 -2.968300 -11.005100
-4.674000 -2.978800 -10.971100
-4.702300 -2.987900 -10.937200
-4.731700 -2.995800 -10.903300
-4.762000 -3.002500 -10.869400
-4.793300 -3.008100 -10.835600
-4.825400 -3.012500 -10.801700
-4.858500 -3.015800 -10.768000
-4.892300 -3.018000 -10.734400
-4.926900 -3.018900 -10.701100
-4.962000 -3.018500 -10.668300
-4.997800 -3.016800 -10.636000
-5.034000 -3.013400 -10.604500
-5.070500 -3.008500 -10.574000
-5.107300 -3.001800 -10.544700
-5.144100 -2.993100 -10.516800
-5.181000 -2.982400 -10.490500
-5.217800 -2.969600 -10.466000
-5.254300 -2.954500 -10.443600
-5.290500 -2.937100 -10.423200
-5.326200 -2.917300 -10.405200
-5.361400 -2.895200 -10.389500
-5.395900 -2.870700 -10.376400
-5.429700 -2.843900 -10.365800
-5.462500 -2.814900 -10.357700
-5.494400 -2.783900 -10.352200
-5.525200 -2.750900 -10.349300
-5.554900 -2.716100 -10.348900
-5.583200 -2.679800 -10.350900
-5.610200 -2.642200 -10.355200
-5.635700 -2.603400 -10.361900
-5.659500 -2.563700 -10.370800
-5.681700 -2.523400 -10.381800
-5.702200 -2.482600 -10.394700
-5.720800 -2.441700 -10.409600
-5.737500 -2.400700 -10.426200
-5.752300 -2.359900 -10.444600

/group/LPA_01/21
21
num_smooth_modes 6 center_x 0.0 center_y 0.0 center_x_in_pixels 0 pathId 2 center_y_in_pixels 0 creation_method threshold shifted_origin {14.9443 -14.9971 -1.7188} creation_type threshold threshold_value 250 pos {-20.533129 12.284118 -9.894027} xhat {0.000000 0.946192 -0.323605} nrm {-0.531183 -0.274177 -0.801668} posId 21
-6.192400 -2.313100 -11.349600
-6.184800 -2.269600 -11.369600
-6.174200 -2.227700 -11.390900
-6.160600 -2.187700 -11.413700
-6.143900 -2.149900 -11.437600
-6.124500 -2.114500 -11.462600
-6.102300 -2.081700 -11.488500
-6.077500 -2.051500 -11.515300
-6.050400 -2.024000 -11.542700
-6.021100 -1.999200 -11.570500
-5.989800 -1.977200 -11.598800
-5.956800 -1.957900 -11.627300
-5.922200 -1.941300 -11.655800
-5.886400 -1.927300 -11.684400
-5.849300 -1.915900 -11.712800
-5.811400 -1.907100 -11.741000
-5.772600 -1.900700 -11.768900
-5.733200 -1.896900 -11.796300
-5.693200 -1.895700 -11.823200
-5.652900 -1.896900 -11.849500
-5.612300 -1.900700 -11.875100
-5.571500 -1.907000 -11.900000
-5.530700 -1.915800 -11.924000
-5.489900 -1.927200 -11.947100
-5.449400 -1.941000 -11.969200
-5.409100 -1.957400 -11.990300
-5.369400 -1.976100 -12.010300
-5.330200 -1.997200 -12.029000
-5.291700 -2.020600 -12.046500
-5.254200 -2.046100 -12.062700
-5.217600 -2.073700 -12.077400
-5.182200 -2.103300 -12.090700
-5.148200 -2.134800 -12.102600
-5.115500 -2.168100 -12.112800
-5.084400 -2.203100 -12.121400
-5.054900 -2.239800 -12.128400
-5.027200 -2.278000 -12.133700
-5.001400 -2.317700 -12.137300
-4.977400 -2.358700 -12.139100
-4.955400 -2.401100 -12.139200
-4.935400 -2.444600 -12.137500
-4.917600 -2.489200 -12.134100
-4.901800 -2.534700 -12.129000
-4.888300 -2.580900 -12.122200
-4.877000 -2.627700 -12.113700
-4.867900 -2.674700 -12.103600
-4.861200 -2.721800 -12.092000
-4.856800 -2.768700 -12.078800
-4.854700 -2.815200 -12.064300
-4.855100 -2.861000 -12.048400
-4.857900 -2.905900 -12.031200
-4.863100 -2.949800 -12.012700
-4.870700 -2.992400 -11.993100
-4.880600 -3.033600 -11.972400
-4.893000 -3.073500 -11.950600
-4.907600 -3.111800 -11.927800
-4.924400 -3.148700 -11.904000
-4.943400 -3.184100 -11.879300
-4.964500 -3.218000 -11.853800
-4.987600 -3.250500 -11.827400
-5.012600 -3.281500 -11.800200
-5.039400 -3.311100 -11.772300
-5.067800 -3.339100 -11.743900
-5.097900 -3.365600 -11.714900
-5.129400 -3.390300 -11.685600
-5.162200 -3.413100 -11.656100
-5.196300 -3.433700 -11.626400
-5.231400 -3.451900 -11.596900
-5.267600 -3.467300 -11.567700
-5.304600 -3.479600 -11.539000
-5.342300 -3.488600 -11.510900
-5.380500 -3.493900 -11.483800
-5.419200 -3.495300 -11.457700
-5.458100 -3.492700 -11.432800
-5.497100 -3.485800 -11.409300
-5.536000 -3.474800 -11.387300
-5.574600 -3.459600 -11.366900
-5.612800 -3.440500 -11.348100
-5.650400 -3.417600 -11.331000
-5.687300 -3.391300 -11.315600
-5.723300 -3.361900 -11.301800
-5.758300 -3.329900 -11.289600
-5.792200 -3.295600 -11.278800
-5.824900 -3.259500 -11.269500
-5.856500 -3.222000 -11.261400
-5.886800 -3.183400 -11.254500
-5.915900 -3.144000 -11.248700
-5.943700 -3.104000 -11.243900
-5.970400 -3.063700 -11.240100
-5.995800 -3.023000 -11.237100
-6.020100 -2.982100 -11.235000
-6.043200 -2.940800 -11.233900
-6.065000 -2.899200 -11.233600
-6.085700 -2.857100 -11.234300
-6.105000 -2.814400 -11.236100
-6.123000 -2.771100 -11.239000
-6.139400 -2.727000 -11.243200
-6.154200 -2.682200 -11.248700
-6.167200 -2.636700 -11.255700
-6.178200 -2.590600 -11.264200
-6.187000 -2.544000 -11.274300
-6.193500 -2.497100 -11.286000
-6.197400 -2.450300 -11.299400
-6.198600 -2.403800 -11.314500
-6.197000 -2.358000 -11.331300

/group/LPA_01/23
23
num_smooth_modes 6 center_x 0.0 center_y 0.0 center_x_in_pixels 0 pathId 2 center_y_in_pixels 0 creation_method threshold shifted_origin {14.9443 -14.9971 -1.7188} creation_type threshold threshold_value 250 pos {-20.782508 12.168063 -10.327095} xhat {0.000000 0.979512 -0.201386} nrm {-0.430226 -0.181796 -0.884226} posId 23
-6.530600 -2.647600 -11.746300
-6.522300 -2.691600 -11.741300
-6.512200 -2.735400 -11.737200
-6.500600 -2.779000 -11.733900
-6.487800 -2.822600 -11.731100
-6.474200 -2.866700 -11.728700
-6.460100 -2.911200 -11.726400
-6.445500 -2.956400 -11.724200
-6.430600 -3.002400 -11.722000
-6.415400 -3.049100 -11.719800
-6.399800 -3.096300 -11.717700
-6.383800 -3.143800 -11.715700
-6.367100 -3.191100 -11.714100
-6.349500 -3.237800 -11.713100
-6.330700 -3.283300 -11.712900
-6.310500 -3.327000 -11.713700
-6.288700 -3.368200 -11.715900
-6.264900 -3.406400 -11.719600
-6.239100 -3.441200 -11.725000
-6.211000 -3.472000 -11.732300
-6.180500 -3.498700 -11.741700
-6.147800 -3.521000 -11.753000
-6.112700 -3.539100 -11.766300
-6.075500 -3.553100 -11.781600
-6.036400 -3.563200 -11.798500
-5.995500 -3.569900 -11.817000
-5.953200 -3.573600 -11.836900
-5.909800 -3.574800 -11.857800
-5.865600 -3.573900 -11.879400
-5.821000 -3.571300 -11.901700
-5.776300 -3.567400 -11.924200
-5.731900 -3.562400 -11.946800
-5.688100 -3.556500 -11.969400
-5.645100 -3.549500 -11.991700
-5.603300 -3.541500 -12.013700
-5.562700 -3.532100 -12.035400
-5.523600 -3.521100 -12.056700
-5.486000 -3.508100 -12.077600
-5.450200 -3.492700 -12.098200
-5.416100 -3.474700 -12.118500
-5.383900 -3.453600 -12.138500
-5.353500 -3.429400 -12.158300
-5.325000 -3.401900 -12.177800
-5.298400 -3.371000 -12.197100
-5.273700 -3.337000 -12.216100
-5.250900 -3.300000 -12.234800
-5.230100 -3.260300 -12.253100
-5.211300 -3.218400 -12.270800
-5.194600 -3.174700 -12.288000
-5.179900 -3.129700 -12.304400
-5.167400 -3.083800 -12.319900
-5.157100 -3.037400 -12.334500
-5.149100 -2.990900 -12.347900
-5.143400 -2.944600 -12.360200
-5.140200 -2.898700 -12.371200
-5.139500 -2.853400 -12.380900
-5.141300 -2.808600 -12.389200
-5.145700 -2.764400 -12.396100
-5.152700 -2.720800 -12.401700
-5.162400 -2.677600 -12.405800
-5.174800 -2.634900 -12.408600
-5.189800 -2.592500 -12.410000
-5.207400 -2.550600 -12.410000
-5.227600 -2.509200 -12.408700
-5.250300 -2.468300 -12.406100
-5.275300 -2.428300 -12.402200
-5.302500 -2.389300 -12.396900
-5.331900 -2.351600 -12.390400
-5.363200 -2.315600 -12.382600
-5.396200 -2.281400 -12.373600
-5.430800 -2.249400 -12.363300
-5.466700 -2.219900 -12.351900
-5.503900 -2.192900 -12.339400
-5.542000 -2.168600 -12.325800
-5.581100 -2.146900 -12.311300
-5.620800 -2.127800 -12.295800
-5.661100 -2.111200 -12.279600
-5.701900 -2.096900 -12.262700
-5.743100 -2.084600 -12.245200
-5.784600 -2.074200 -12.227200
-5.826400 -2.065400 -12.208600
-5.868400 -2.058100 -12.189700
-5.910600 -2.052200 -12.170400
-5.953000 -2.047700 -12.150700
-5.995500 -2.044700 -12.130600
-6.038000 -2.043300 -12.110200
-6.080300 -2.043900 -12.089500
-6.122400 -2.046600 -12.068500
-6.164100 -2.051800 -12.047100
-6.205100 -2.060000 -12.025500
-6.245100 -2.071400 -12.003700
-6.283900 -2.086300 -11.981800
-6.321100 -2.104900 -11.959800
-6.356300 -2.127500 -11.938000
-6.389300 -2.153800 -11.916600
-6.419600 -2.183900 -11.895600
-6.447000 -2.217500 -11.875400
-6.471100 -2.254200 -11.856100
-6.491800 -2.293600 -11.837900
-6.508900 -2.335200 -11.821100
-6.522300 -2.378500 -11.805700
-6.532000 -2.422800 -11.791800
-6.538100 -2.467900 -11.779600
-6.540800 -2.513100 -11.769000
-6.540200 -2.558300 -11.760000
-6.536700 -2.603200 -11.752500

/group/LPA_01/27
27
num_smooth_modes 6 center_x 0.0 center_y 0.0 center_x_in_pixels 0 pathId 2 center_y_in_pixels 0 creation_method threshold shifted_origin {14.9443 -14.9971 -1.7188} creation_type threshold threshold_value 150 pos {-21.056860 12.017461 -11.153954} xhat {0.000000 0.976052 -0.217536} nrm {-0.143454 -0.215286 -0.965957} posId 27
-6.463200 -3.027500 -12.810000
-6.459700 -2.982500 -12.820600
-6.452800 -2.937700 -12.831600
-6.443000 -2.893100 -12.843000
-6.430500 -2.849000 -12.854700
-6.415800 -2.805500 -12.866500
-6.398900 -2.762900 -12.878500
-6.379700 -2.721500 -12.890600
-6.358200 -2.681600 -12.902700
-6.334100 -2.643700 -12.914700
-6.307100 -2.608200 -12.926700
-6.277000 -2.575500 -12.938400
-6.243600 -2.546100 -12.949900
-6.207000 -2.520300 -12.961100
-6.167400 -2.498300 -12.971900
-6.125100 -2.480500 -12.982100
-6.080600 -2.466900 -12.991800
-6.034500 -2.457600 -13.000700
-5.987500 -2.452600 -13.008800
-5.940300 -2.451900 -13.016000
-5.893300 -2.455300 -13.022200
-5.847200 -2.462900 -13.027300
-5.802400 -2.474500 -13.031400
-5.759200 -2.490200 -13.034300
-5.717800 -2.509700 -13.036100
-5.678500 -2.532900 -13.036800
-5.641400 -2.559800 -13.036300
-5.606700 -2.590000 -13.034700
-5.574500 -2.623200 -13.032100
-5.545200 -2.659300 -13.028400
-5.518800 -2.697700 -13.023800
-5.495800 -2.738100 -13.018200
-5.476300 -2.780100 -13.011700
-5.460600 -2.823300 -13.004400
-5.448800 -2.867400 -12.996300
-5.440900 -2.912000 -12.987600
-5.436900 -2.957000 -12.978100
-5.436700 -3.002000 -12.968100
-5.440300 -3.046900 -12.957600
-5.447300 -3.091400 -12.946600
-5.457700 -3.135400 -12.935300
-5.471300 -3.178600 -12.923600
-5.488000 -3.220700 -12.911800
-5.507900 -3.261400 -12.899800
-5.530800 -3.300200 -12.887700
-5.556900 -3.336800 -12.875700
-5.586100 -3.370800 -12.863800
-5.618200 -3.401800 -12.852100
-5.653300 -3.429500 -12.840700
-5.691100 -3.453700 -12.829700
-5.731300 -3.474200 -12.819200
-5.773400 -3.490800 -12.809200
-5.817200 -3.503700 -12.799800
-5.862200 -3.512700 -12.791100
-5.907900 -3.517800 -12.783200
-5.953900 -3.519200 -12.776100
-5.999900 -3.516800 -12.769800
-6.045700 -3.510600 -12.764400
-6.090800 -3.500600 -12.759900
-6.135100 -3.486600 -12.756400
-6.178300 -3.468800 -12.754000
-6.220100 -3.447200 -12.752600
-6.260000 -3.421800 -12.752300
-6.297700 -3.392700 -12.753200
-6.332600 -3.360300 -12.755200
-6.364200 -3.324800 -12.758400
-6.392000 -3.286800 -12.762800
-6.415600 -3.246500 -12.768300
-6.434500 -3.204500 -12.774800
-6.448700 -3.161300 -12.782400
-6.458100 -3.117100 -12.790800
-6.462800 -3.072400 -12.800100

/group/LPA_01/33
33
num_smooth_modes 6 center_x 0.0 center_y 0.0 center_x_in_pixels 0 pathId 2 center_y_in_pixels 0 creation_method threshold shifted_origin {14.9443 -14.9971 -1.7188} creation_type threshold threshold_value 150 pos {-20.929976 11.627300 -12.062214} xhat {0.000000 0.789218 -0.614113} nrm {0.370995 -0.570287 -0.732895} posId 33
-6.362500 -3.510000 -13.862700
-6.367200 -3.475100 -13.892200
-6.366600 -3.437000 -13.921500
-6.360100 -3.396500 -13.949800
-6.347100 -3.355100 -13.975500
-6.327300 -3.314900 -13.996600
-6.300900 -3.278400 -14.011700
-6.269000 -3.247300 -14.019800
-6.232900 -3.221800 -14.021300
-6.194200 -3.201100 -14.017900
-6.154200 -3.182900 -14.011700
-6.113500 -3.165000 -14.005100
-6.072300 -3.145600 -13.999300
-6.030300 -3.124500 -13.994500
-5.987300 -3.103000 -13.989500
-5.943600 -3.083800 -13.982300
-5.900000 -3.070200 -13.970800
-5.858300 -3.065300 -13.953500
-5.820200 -3.070400 -13.930200
-5.787300 -3.085500 -13.901800
-5.760500 -3.108900 -13.870100
-5.739500 -3.137800 -13.836900
-5.723100 -3.169600 -13.803900
-5.709900 -3.202300 -13.771700
-5.698400 -3.235100 -13.740400
-5.688000 -3.268200 -13.709400
-5.679100 -3.302400 -13.678200
-5.673300 -3.338500 -13.647300
-5.673000 -3.376300 -13.617700
-5.680200 -3.414900 -13.591300
-5.696600 -3.452600 -13.570300
-5.722200 -3.487300 -13.556200
-5.756000 -3.517700 -13.549700
-5.795900 -3.543300 -13.550000
-5.839300 -3.564700 -13.555300
-5.883900 -3.583300 -13.563400
-5.928300 -3.600700 -13.572300
-5.971800 -3.617900 -13.580900
-6.014600 -3.634800 -13.589400
-6.057400 -3.650400 -13.599000
-6.100400 -3.662400 -13.611400
-6.143400 -3.668900 -13.628100
-6.185600 -3.668300 -13.649900
-6.225500 -3.660100 -13.676500
-6.261700 -3.644900 -13.706700
-6.292900 -3.624000 -13.738700
-6.318600 -3.599300 -13.771000
-6.338500 -3.571800 -13.802400
-6.353000 -3.542100 -13.832900

/group/LPA_01/36
36
num_smooth_modes 6 center_x 0.0 center_y 0.0 center_x_in_pixels 0 pathId 2 center_y_in_pixels 0 creation_method threshold shifted_origin {14.9443 -14.9971 -1.7188} creation_type threshold threshold_value 150 pos {-20.720220 11.315154 -12.407200} xhat {0.000000 0.709322 -0.704885} nrm {0.426802 -0.637459 -0.641472} posId 36
-6.106200 -3.833700 -14.194900
-6.090400 -3.855400 -14.162800
-6.068600 -3.872500 -14.131400
-6.042100 -3.885600 -14.100800
-6.011800 -3.895000 -14.071200
-5.978400 -3.901200 -14.042900
-5.942600 -3.904000 -14.016300
-5.904900 -3.903200 -13.992000
-5.865600 -3.898400 -13.970500
-5.825500 -3.889700 -13.952500
-5.785300 -3.877000 -13.938400
-5.745900 -3.860600 -13.928500
-5.708400 -3.840400 -13.923600
-5.673500 -3.816600 -13.924000
-5.642200 -3.789300 -13.930300
-5.615200 -3.758600 -13.942900
-5.593400 -3.725200 -13.961600
-5.577400 -3.690300 -13.985600
-5.567700 -3.655300 -14.013900
-5.564200 -3.621900 -14.044800
-5.566500 -3.591300 -14.076800
-5.573800 -3.563700 -14.109000
-5.584600 -3.538700 -14.141000
-5.597500 -3.515200 -14.173000
-5.611600 -3.491700 -14.205700
-5.626300 -3.467500 -14.239500
-5.642000 -3.443000 -14.274300
-5.659700 -3.419800 -14.309200
-5.680600 -3.400500 -14.342300
-5.705800 -3.387900 -14.371600
-5.735800 -3.384500 -14.394900
-5.770100 -3.391200 -14.411100
-5.807700 -3.407400 -14.420000
-5.846600 -3.431100 -14.422300
-5.885000 -3.459300 -14.419800
-5.921400 -3.489300 -14.414200
-5.955100 -3.519200 -14.407000
-5.985800 -3.548200 -14.398600
-6.013900 -3.576900 -14.388700
-6.039700 -3.606300 -14.376600
-6.063100 -3.637700 -14.361100
-6.083700 -3.671200 -14.341400
-6.100400 -3.706500 -14.317500
-6.112000 -3.742200 -14.289800
-6.117200 -3.776300 -14.259300
-6.115400 -3.807200 -14.227400

/group/LPA_01/38
38
num_smooth_modes 6 center_x 0.0 center_y 0.0 center_x_in_pixels 0 pathId 2 center_y_in_pixels 0 creation_method threshold shifted_origin {14.9443 -14.9971 -1.7188} creation_type threshold threshold_value 100 pos {-20.571336 11.085207 -12.638863} xhat {0.000000 0.715182 -0.698939} nrm {0.396188 -0.641744 -0.656658} posId 38
-5.628300 -4.092200 -14.182200
-5.585200 -4.073300 -14.174700
-5.542900 -4.051500 -14.170400
-5.503100 -4.027300 -14.170100
-5.467100 -4.000500 -14.174600
-5.435700 -3.971100 -14.184400
-5.409300 -3.939200 -14.199600
-5.387700 -3.905100 -14.219900
-5.370700 -3.869600 -14.244300
-5.358300 -3.833600 -14.272000
-5.350900 -3.798200 -14.302100
-5.348900 -3.764400 -14.334000
-5.353000 -3.733000 -14.367200
-5.363500 -3.704800 -14.401000
-5.380300 -3.680600 -14.434900
-5.403300 -3.661000 -14.467900
-5.432100 -3.646400 -14.499500
-5.466200 -3.637300 -14.529000
-5.504600 -3.633800 -14.555600
-5.546100 -3.635900 -14.578600
-5.588900 -3.643500 -14.596900
-5.631000 -3.656700 -14.609500
-5.670300 -3.675200 -14.615100
-5.705400 -3.698900 -14.613100
-5.736000 -3.727300 -14.603800
-5.762600 -3.759400 -14.588400
-5.786500 -3.794200 -14.568900
-5.808900 -3.830200 -14.547200
-5.830400 -3.866300 -14.524900
-5.850500 -3.901800 -14.502300
-5.867300 -3.936300 -14.478800
-5.878700 -3.969800 -14.453000
-5.882700 -4.002200 -14.423600
-5.877900 -4.033200 -14.390500
-5.864500 -4.061600 -14.354600
-5.843500 -4.086100 -14.318000
-5.816300 -4.104800 -14.283300
-5.784600 -4.116600 -14.252700
-5.749400 -4.120600 -14.227500
-5.711200 -4.117200 -14.207800
-5.670600 -4.107200 -14.193100

/group/LPA_01/43
43
num_smooth_modes 6 xhat {0.000000 0.801895 -0.597465} nrm {0.195483 -0.585938 -0.786424} num_subsample_pts 25 creation_method hand_drawn pathId 2 pos {-20.290187 10.522515 -13.281256} creation_type threshold shifted_origin {14.9443 -14.9971 -1.7188} posId 43 num_hand_picked_pts 13
-5.123900 -4.464600 -14.952300
-5.138900 -4.508000 -14.923700
-5.165900 -4.551900 -14.897700
-5.202100 -4.592800 -14.876200
-5.245700 -4.623900 -14.863900
-5.295400 -4.640400 -14.863900
-5.349400 -4.644100 -14.874600
-5.405100 -4.640600 -14.891100
-5.458800 -4.632600 -14.910400
-5.505100 -4.616800 -14.933700
-5.538700 -4.588900 -14.962800
-5.556300 -4.549000 -14.996900
-5.559100 -4.503000 -15.031900
-5.551100 -4.456500 -15.064500
-5.534600 -4.412200 -15.093500
-5.508400 -4.370600 -15.117900
-5.470000 -4.334800 -15.135000
-5.420200 -4.309400 -15.141600
-5.364500 -4.296900 -15.137100
-5.309400 -4.296100 -15.124000
-5.258700 -4.304200 -15.105400
-5.212900 -4.320700 -15.081700
-5.172800 -4.346700 -15.052300
-5.141700 -4.381800 -15.018500
-5.124500 -4.422300 -14.984000

/group/LPA_01/47
47
num_smooth_modes 6 xhat {0.000000 0.874788 -0.484507} nrm {0.181587 -0.476452 -0.860244} num_subsample_pts 23 creation_method hand_drawn pathId 2 pos {-20.185810 10.175497 -13.813363} creation_type threshold shifted_origin {14.9443 -14.9971 -1.7188} posId 47 num_hand_picked_pts 15
-5.045200 -4.935100 -15.427900
-5.092800 -4.965500 -15.421100
-5.145400 -4.984000 -15.421900
-5.200600 -4.991100 -15.429600
-5.256100 -4.986900 -15.443700
-5.306200 -4.969700 -15.463800
-5.343700 -4.939000 -15.488700
-5.367300 -4.897300 -15.516800
-5.380700 -4.849700 -15.546000
-5.385600 -4.800400 -15.574300
-5.377900 -4.751700 -15.599700
-5.352800 -4.705900 -15.619700
-5.311900 -4.667300 -15.632500
-5.261800 -4.640600 -15.636700
-5.208100 -4.628000 -15.632300
-5.153400 -4.629500 -15.620000
-5.100800 -4.643600 -15.601100
-5.056000 -4.669400 -15.577300
-5.023200 -4.705400 -15.550400
-5.001600 -4.749100 -15.521700
-4.989800 -4.797200 -15.492500
-4.990700 -4.846800 -15.465300
-5.009100 -4.894200 -15.442900

/group/LPA_01/50
50
num_smooth_modes 6 center_x 0.0 center_y 0.0 center_x_in_pixels 0 pathId 2 center_y_in_pixels 0 creation_method threshold shifted_origin {14.9443 -14.9971 -1.7188} creation_type threshold threshold_value 70 pos {-20.087167 10.018874 -14.141328} xhat {0.000000 0.934495 -0.355977} nrm {0.370300 -0.330672 -0.868063} posId 50
-5.361300 -5.061660 -15.921500
-5.345000 -5.101060 -15.899600
-5.319400 -5.134660 -15.875800
-5.287500 -5.159380 -15.852800
-5.251300 -5.174660 -15.831600
-5.211700 -5.181760 -15.812000
-5.169400 -5.181960 -15.793800
-5.125700 -5.175360 -15.777700
-5.082600 -5.161370 -15.764600
-5.042200 -5.139890 -15.755600
-5.006100 -5.111760 -15.750900
-4.975800 -5.078160 -15.750800
-4.953100 -5.039840 -15.755700
-4.940000 -4.997460 -15.766300
-4.938000 -4.953000 -15.782400
-4.947100 -4.910200 -15.802500
-4.966000 -4.873700 -15.824500
-4.992500 -4.845900 -15.846400
-5.025100 -4.826000 -15.867900
-5.062600 -4.810600 -15.889700
-5.103800 -4.797400 -15.912400
-5.146500 -4.787600 -15.934300
-5.187600 -4.786100 -15.952400
-5.224900 -4.797700 -15.963900
-5.257800 -4.823300 -15.968100
-5.287300 -4.859200 -15.967100
-5.314700 -4.899500 -15.963400
-5.339100 -4.940100 -15.958400
-5.357400 -4.980000 -15.951000
-5.365600 -5.020480 -15.939000

/group/LPA_01/56
56
num_smooth_modes 6 center_x 0.0 center_y 0.0 center_x_in_pixels 0 pathId 2 center_y_in_pixels 0 creation_method threshold shifted_origin {14.9443 -14.9971 -1.7188} creation_type threshold threshold_value 90 pos {-19.729614 9.917900 -14.657848} xhat {0.000000 0.998192 -0.060110} nrm {0.611407 -0.047566 -0.789886} scale_factor 1.27629 posId 56
-4.909400 -5.019220 -16.476299
-4.901100 -5.070790 -16.466700
-4.879100 -5.112710 -16.447201
-4.848100 -5.146020 -16.421200
-4.811000 -5.169670 -16.391100
-4.770500 -5.180800 -16.359100
-4.729200 -5.178130 -16.327299
-4.690900 -5.158150 -16.298800
-4.661700 -5.119080 -16.278500
-4.647900 -5.068990 -16.270901
-4.652300 -5.019160 -16.277300
-4.673400 -4.975200 -16.296200
-4.706100 -4.942600 -16.323601
-4.744600 -4.927000 -16.354300
-4.785500 -4.923900 -16.386101
-4.828400 -4.924300 -16.419300
-4.869400 -4.934400 -16.450399
-4.899000 -4.967500 -16.471300

/group/LPA_01/59
59
num_smooth_modes 6 center_x 0.0 center_y 0.0 center_x_in_pixels 0 pathId 2 center_y_in_pixels 0 creation_method threshold shifted_origin {14.9443 -14.9971 -1.7188} creation_type threshold threshold_value 40 pos {-19.527580 9.893196 -14.988184} xhat {0.000000 0.996257 -0.086437} nrm {0.423258 -0.078313 -0.902618} scale_factor 1.40711 posId 59
-4.729600 -5.122570 -16.774000
-4.700100 -5.170050 -16.756001
-4.659100 -5.207400 -16.733601
-4.609000 -5.220440 -16.708900
-4.556700 -5.208190 -16.685499
-4.512700 -5.174810 -16.667700
-4.483900 -5.123490 -16.658701
-4.474600 -5.066120 -16.659300
-4.489900 -5.013130 -16.671101
-4.526800 -4.969600 -16.692101
-4.573200 -4.944900 -16.716101
-4.624900 -4.938300 -16.740900
-4.681200 -4.939700 -16.767099
-4.728200 -4.958800 -16.787500
-4.749800 -5.008150 -16.793400
-4.747200 -5.069350 -16.786900

/group/LPA_01/66
66
num_smooth_modes 6 xhat {0.000000 0.867829 0.496864} nrm {0.313670 0.471788 -0.824031} num_subsample_pts 15 creation_method hand_drawn pathId 2 pos {-19.207542 9.983428 -15.821604} creation_type threshold shifted_origin {14.9443 -14.9971 -1.7188} posId 66 num_hand_picked_pts 13
-4.135100 -5.032010 -17.502100
-4.164600 -5.067010 -17.533400
-4.210700 -5.083630 -17.560499
-4.263400 -5.079580 -17.578199
-4.313000 -5.054910 -17.583000
-4.350700 -5.014320 -17.574100
-4.372900 -4.966400 -17.555099
-4.377900 -4.917300 -17.528900
-4.360900 -4.874100 -17.497700
-4.322500 -4.847500 -17.467800
-4.271800 -4.843100 -17.445999
-4.219000 -4.859000 -17.434999
-4.173600 -4.891400 -17.436300
-4.142400 -4.935700 -17.449800
-4.128400 -4.985200 -17.472799

