/group/arch_FINAL/12
12
num_smooth_modes 8 xhat {0.000000 0.990089 0.140443} nrm {-0.337672 -0.132193 0.931935} num_subsample_pts 134 creation_method hand_drawn pathId 100 pos {-11.878641 13.035792 -35.861085} creation_type threshold shifted_origin {12.4536 -12.4976 16.4906} posId 12 num_hand_picked_pts 18
1.547100 0.176000 -19.069599
1.561300 0.220200 -19.058201
1.573000 0.265000 -19.047600
1.582000 0.310300 -19.037901
1.588100 0.356100 -19.029200
1.591300 0.402400 -19.021500
1.591400 0.449100 -19.014799
1.588600 0.496200 -19.009199
1.582800 0.543600 -19.004499
1.574300 0.591100 -19.000900
1.563300 0.638600 -18.998100
1.550000 0.686100 -18.996201
1.534600 0.733200 -18.995100
1.517400 0.779900 -18.994699
1.498500 0.825900 -18.995001
1.478100 0.871100 -18.996000
1.456400 0.915300 -18.997601
1.433300 0.958300 -18.999901
1.408700 0.999900 -19.002899
1.382800 1.040000 -19.006599
1.355300 1.078300 -19.011101
1.326100 1.114900 -19.016500
1.295100 1.149500 -19.022800
1.262300 1.182000 -19.030100
1.227600 1.212400 -19.038401
1.190900 1.240700 -19.047701
1.152400 1.266800 -19.057899
1.112200 1.290700 -19.069099
1.070400 1.312500 -19.081100
1.027300 1.332200 -19.094000
0.983200 1.350000 -19.107401
0.938300 1.365900 -19.121401
0.893000 1.380000 -19.135799
0.847400 1.392600 -19.150600
0.801900 1.403500 -19.165501
0.756500 1.413000 -19.180599
0.711400 1.421100 -19.195801
0.666700 1.427700 -19.211100
0.622200 1.433000 -19.226400
0.578100 1.436800 -19.241899
0.534100 1.439100 -19.257500
0.490200 1.439800 -19.273300
0.446300 1.438700 -19.289400
0.402300 1.435800 -19.305700
0.358100 1.431000 -19.322399
0.313900 1.424000 -19.339399
0.269800 1.414800 -19.356701
0.225700 1.403400 -19.374300
0.182000 1.389700 -19.392099
0.138900 1.373600 -19.410000
0.096700 1.355200 -19.427900
0.055600 1.334500 -19.445700
0.015900 1.311600 -19.463301
-0.022100 1.286500 -19.480700
-0.058300 1.259400 -19.497601
-0.092500 1.230300 -19.514200
-0.124700 1.199300 -19.530199
-0.154800 1.166500 -19.545799
-0.182800 1.132100 -19.560801
-0.208900 1.096000 -19.575399
-0.233200 1.058400 -19.589500
-0.255700 1.019300 -19.603201
-0.276700 0.978900 -19.616600
-0.296200 0.937000 -19.629499
-0.314200 0.893900 -19.642200
-0.330800 0.849700 -19.654499
-0.346000 0.804400 -19.666401
-0.359600 0.758300 -19.677900
-0.371600 0.711400 -19.688900
-0.381800 0.663900 -19.699301
-0.390000 0.616100 -19.709101
-0.396000 0.568100 -19.718000
-0.399600 0.520000 -19.726200
-0.400800 0.472100 -19.733400
-0.399400 0.424400 -19.739700
-0.395300 0.377200 -19.744900
-0.388600 0.330500 -19.749100
-0.379200 0.284300 -19.752199
-0.367400 0.238600 -19.754400
-0.353100 0.193500 -19.755699
-0.336600 0.149000 -19.756001
-0.318000 0.105000 -19.755501
-0.297600 0.061500 -19.754200
-0.275300 0.018600 -19.752300
-0.251400 -0.023800 -19.749599
-0.225900 -0.065500 -19.746300
-0.199000 -0.106500 -19.742399
-0.170700 -0.146500 -19.737801
-0.140900 -0.185400 -19.732500
-0.109700 -0.222900 -19.726500
-0.077100 -0.258800 -19.719801
-0.043100 -0.292800 -19.712299
-0.007700 -0.324700 -19.704000
0.029200 -0.354200 -19.694799
0.067300 -0.381200 -19.684799
0.106800 -0.405500 -19.674000
0.147400 -0.427000 -19.662300
0.189200 -0.445800 -19.649900
0.231800 -0.461800 -19.636700
0.275300 -0.475300 -19.622801
0.319400 -0.486300 -19.608400
0.364200 -0.495100 -19.593399
0.409300 -0.501900 -19.577999
0.454800 -0.507000 -19.562300
0.500500 -0.510400 -19.546200
0.546400 -0.512600 -19.529900
0.592400 -0.513400 -19.513300
0.638500 -0.513100 -19.496599
0.684500 -0.511600 -19.479700
0.730400 -0.509000 -19.462700
0.776000 -0.505000 -19.445601
0.821400 -0.499500 -19.428400
0.866200 -0.492400 -19.411200
0.910400 -0.483500 -19.393900
0.953800 -0.472500 -19.376600
0.996200 -0.459200 -19.359400
1.037400 -0.443600 -19.342199
1.077400 -0.425400 -19.325100
1.116000 -0.404700 -19.308201
1.153100 -0.381400 -19.291500
1.188700 -0.355500 -19.274900
1.222700 -0.327200 -19.258499
1.255300 -0.296700 -19.242399
1.286400 -0.264100 -19.226500
1.316200 -0.229600 -19.210800
1.344800 -0.193500 -19.195299
1.372200 -0.156000 -19.180099
1.398500 -0.117300 -19.165100
1.423700 -0.077500 -19.150299
1.447800 -0.036900 -19.135799
1.470700 0.004500 -19.121599
1.492300 0.046500 -19.107901
1.512400 0.089100 -19.094500
1.530700 0.132300 -19.081800

/group/arch_FINAL/23
23
num_smooth_modes 8 xhat {0.000000 0.891131 0.453746} nrm {-0.440282 -0.407400 0.800111} num_subsample_pts 131 creation_method hand_drawn pathId 100 pos {-12.159073 12.843899 -35.242429} creation_type threshold shifted_origin {12.4536 -12.4976 16.4906} posId 23 num_hand_picked_pts 19
-0.532000 0.897400 -18.926100
-0.547600 0.861100 -18.953100
-0.561300 0.823400 -18.979900
-0.573200 0.784600 -19.006201
-0.583200 0.744600 -19.032000
-0.591400 0.703500 -19.057501
-0.598000 0.661700 -19.082399
-0.602900 0.619100 -19.106800
-0.606200 0.575900 -19.130600
-0.607900 0.532400 -19.153700
-0.608100 0.488600 -19.176100
-0.606600 0.444700 -19.197599
-0.603600 0.400700 -19.218300
-0.598800 0.356700 -19.238100
-0.592300 0.312900 -19.256800
-0.583900 0.269200 -19.274401
-0.573500 0.225700 -19.290899
-0.561100 0.182400 -19.306200
-0.546600 0.139200 -19.320101
-0.529900 0.096400 -19.332800
-0.511000 0.053800 -19.344000
-0.489900 0.011700 -19.353901
-0.466600 -0.029900 -19.362200
-0.441200 -0.070900 -19.369101
-0.413800 -0.111100 -19.374500
-0.384500 -0.150400 -19.378401
-0.353500 -0.188600 -19.380699
-0.320900 -0.225500 -19.381599
-0.287000 -0.261000 -19.381001
-0.251900 -0.295100 -19.379101
-0.215700 -0.327500 -19.375700
-0.178700 -0.358500 -19.371099
-0.141000 -0.387800 -19.365299
-0.102500 -0.415700 -19.358299
-0.063500 -0.442100 -19.350300
-0.023900 -0.467200 -19.341200
0.016300 -0.491000 -19.331301
0.057000 -0.513700 -19.320400
0.098300 -0.535300 -19.308701
0.140200 -0.555900 -19.296101
0.182600 -0.575300 -19.282700
0.225500 -0.593600 -19.268400
0.268900 -0.610700 -19.253201
0.312800 -0.626200 -19.237000
0.356800 -0.640100 -19.219801
0.401100 -0.652100 -19.201599
0.445200 -0.661900 -19.182199
0.489100 -0.669200 -19.161800
0.532600 -0.673800 -19.140200
0.575300 -0.675500 -19.117599
0.617200 -0.674100 -19.093800
0.658000 -0.669600 -19.069099
0.697600 -0.661900 -19.043400
0.735800 -0.651000 -19.016800
0.772500 -0.637000 -18.989500
0.807600 -0.620100 -18.961599
0.841100 -0.600500 -18.933100
0.873000 -0.578300 -18.904301
0.903200 -0.553900 -18.875200
0.931900 -0.527500 -18.846001
0.959100 -0.499300 -18.816700
0.984700 -0.469500 -18.787399
1.008800 -0.438400 -18.758301
1.031500 -0.406000 -18.729300
1.052700 -0.372600 -18.700600
1.072400 -0.338100 -18.672300
1.090600 -0.302700 -18.644199
1.107200 -0.266400 -18.616600
1.122100 -0.229200 -18.589500
1.135300 -0.191200 -18.562901
1.146600 -0.152200 -18.536800
1.156000 -0.112400 -18.511400
1.163400 -0.071800 -18.486601
1.168700 -0.030400 -18.462601
1.171900 0.011700 -18.439400
1.172900 0.054400 -18.417101
1.171700 0.097700 -18.395700
1.168300 0.141500 -18.375299
1.162800 0.185600 -18.355900
1.155100 0.229900 -18.337500
1.145300 0.274400 -18.320299
1.133400 0.318900 -18.304199
1.119500 0.363200 -18.289301
1.103600 0.407300 -18.275499
1.085900 0.451100 -18.263000
1.066300 0.494300 -18.251801
1.044900 0.537000 -18.241800
1.021800 0.579000 -18.233200
0.997000 0.620100 -18.225901
0.970600 0.660300 -18.219900
0.942600 0.699500 -18.215300
0.913200 0.737600 -18.212099
0.882400 0.774600 -18.210300
0.850200 0.810300 -18.209801
0.816700 0.844800 -18.210699
0.782000 0.878100 -18.212799
0.746200 0.910200 -18.216101
0.709400 0.941100 -18.220699
0.671600 0.970800 -18.226400
0.632900 0.999400 -18.233101
0.593400 1.026800 -18.240900
0.553200 1.053100 -18.249599
0.512400 1.078300 -18.259199
0.471000 1.102300 -18.269800
0.429100 1.125000 -18.281300
0.386800 1.146300 -18.293699
0.344200 1.166100 -18.307100
0.301300 1.184200 -18.321501
0.258200 1.200400 -18.336901
0.215100 1.214500 -18.353500
0.171900 1.226300 -18.371201
0.128900 1.235600 -18.390100
0.086100 1.242300 -18.410299
0.043600 1.246200 -18.431700
0.001500 1.247200 -18.454300
-0.040000 1.245400 -18.478100
-0.080800 1.240600 -18.503000
-0.120800 1.233000 -18.528900
-0.159900 1.222600 -18.555700
-0.197900 1.209600 -18.583200
-0.234700 1.194000 -18.611401
-0.270200 1.176200 -18.639999
-0.304300 1.156200 -18.669001
-0.336800 1.134200 -18.698099
-0.367700 1.110300 -18.727301
-0.396900 1.084600 -18.756399
-0.424300 1.057200 -18.785400
-0.449700 1.028300 -18.814100
-0.473300 0.997800 -18.842600
-0.494800 0.965800 -18.870800
-0.514400 0.932300 -18.898600

/group/arch_FINAL/34
34
num_smooth_modes 8 num_subsample_pts 139 pathId 100 creation_method hand_drawn modified_as_spline 1 creation_type threshold shifted_origin {12.4536 -12.4976 16.4906} pos {-12.462533 12.479449 -34.788847} xhat {0.000000 0.599628 0.800279} nrm {-0.471424 -0.705772 0.528816} posId 34 num_hand_picked_pts 20
-0.879800 0.299300 -18.650700
-0.834500 0.081000 -18.901600
-0.689700 -0.156200 -19.089199
-0.468900 -0.372200 -19.180599
-0.183300 -0.560400 -19.177200
0.105700 -0.707700 -19.116100
0.366400 -0.783300 -18.984600
0.597200 -0.784500 -18.780399
0.727900 -0.677500 -18.521200
0.794700 -0.541600 -18.280300
0.778200 -0.316700 -17.994801
0.759000 -0.125800 -17.757099
0.711100 0.103000 -17.494499
0.572400 0.336200 -17.306999
0.300800 0.526300 -17.295401
0.005300 0.640200 -17.406799
-0.273600 0.692100 -17.586100
-0.511500 0.673700 -17.822800
-0.706300 0.604800 -18.088400
-0.837400 0.480400 -18.371300

/group/arch_FINAL/40
40
num_smooth_modes 8 num_subsample_pts 128 pathId 100 creation_method hand_drawn modified_as_spline 1 creation_type threshold shifted_origin {12.4536 -12.4976 16.4906} pos {-12.622606 12.223878 -34.643243} xhat {0.000000 0.388046 0.921640} nrm {-0.483914 -0.806541 0.339585} posId 40 num_hand_picked_pts 17
-1.000700 0.222200 -18.159700
-1.025300 0.115900 -18.447300
-0.969000 -0.029600 -18.712601
-0.835800 -0.201900 -18.931900
-0.664800 -0.355800 -19.053900
-0.441900 -0.515200 -19.114799
-0.165500 -0.680200 -19.112801
0.094900 -0.803700 -19.035101
0.312200 -0.869500 -18.881701
0.488100 -0.880800 -18.657900
0.582600 -0.823400 -18.386801
0.588200 -0.709100 -18.107401
0.551500 -0.570400 -17.830299
0.457200 -0.416000 -17.597900
0.288600 -0.241700 -17.424200
0.044200 -0.067100 -17.357800
-0.220000 0.091400 -17.357901
-0.487900 0.218300 -17.438200
-0.724600 0.283000 -17.621901
-0.898300 0.280400 -17.875601

/group/arch_FINAL/50
50
num_smooth_modes 8 num_subsample_pts 115 pathId 100 creation_method hand_drawn modified_as_spline 1 creation_type threshold shifted_origin {12.4536 -12.4976 16.4906} pos {-12.917563 11.722891 -34.519432} nrm {-0.492526 -0.867114 0.074371} xhat {0.000000 0.085455 0.996342} num_hand_picked_pts 18 posId 50
-1.280800 -0.329300 -18.248199
-1.230900 -0.380600 -18.515900
-1.113100 -0.467600 -18.750900
-0.934200 -0.584300 -18.926800
-0.711100 -0.719100 -19.020201
-0.471400 -0.858000 -19.052500
-0.237400 -0.987800 -19.016300
-0.013500 -1.106400 -18.916000
0.144500 -1.179200 -18.719000
0.228500 -1.204300 -18.454599
0.240800 -1.188200 -18.185699
0.187700 -1.135200 -17.918900
0.072100 -1.049200 -17.681999
-0.096200 -0.937300 -17.492500
-0.311700 -0.805300 -17.379801
-0.548900 -0.667100 -17.339500
-0.789400 -0.532900 -17.368500
-1.003700 -0.422800 -17.503000
-1.165900 -0.348800 -17.714701
-1.262000 -0.316300 -17.972099

/group/arch_FINAL/56
56
num_smooth_modes 8 num_subsample_pts 117 pathId 100 creation_method hand_drawn modified_as_spline 1 creation_type threshold shifted_origin {12.4536 -12.4976 16.4906} pos {-13.081081 11.418559 -34.527606} xhat {0.000000 0.161047 -0.986947} nrm {-0.438593 -0.886955 -0.144730} posId 56 num_hand_picked_pts 17
0.010800 -1.279000 -18.745199
0.083900 -1.356000 -18.495100
0.095900 -1.406200 -18.224100
0.041900 -1.423500 -17.954000
-0.073100 -1.407500 -17.703501
-0.247600 -1.355100 -17.496201
-0.472400 -1.265700 -17.362801
-0.719700 -1.151000 -17.316000
-0.964000 -1.025000 -17.348000
-1.179100 -0.899000 -17.467800
-1.349500 -0.784600 -17.652901
-1.458200 -0.692200 -17.889400
-1.473400 -0.640600 -18.159700
-1.414900 -0.625600 -18.428900
-1.292400 -0.646000 -18.675200
-1.106800 -0.706300 -18.868200
-0.897400 -0.786400 -19.011400
-0.640500 -0.902300 -19.079901
-0.391000 -1.032100 -19.041000
-0.167000 -1.159600 -18.938101

/group/arch_FINAL/81
81
num_smooth_modes 8 xhat {0.000000 0.684122 -0.729368} nrm {-0.280666 -0.700051 -0.656624} num_subsample_pts 110 creation_method hand_drawn pathId 100 pos {-13.451379 10.464674 -35.071267} creation_type threshold shifted_origin {12.4536 -12.4976 16.4906} posId 81 num_hand_picked_pts 18
-0.491800 -1.691000 -19.161501
-0.464400 -1.723800 -19.138201
-0.439000 -1.757400 -19.113300
-0.415400 -1.791400 -19.087099
-0.393400 -1.825800 -19.059799
-0.373000 -1.860400 -19.031700
-0.353900 -1.895000 -19.002899
-0.336300 -1.929600 -18.973600
-0.320100 -1.964100 -18.943701
-0.305400 -1.998500 -18.913300
-0.292300 -2.032800 -18.882299
-0.281000 -2.067000 -18.850700
-0.271500 -2.101200 -18.818300
-0.264100 -2.135200 -18.785200
-0.258900 -2.169100 -18.751301
-0.256000 -2.202800 -18.716600
-0.255600 -2.236100 -18.681299
-0.257600 -2.269000 -18.645300
-0.262200 -2.301300 -18.608900
-0.269300 -2.332800 -18.572300
-0.278900 -2.363500 -18.535500
-0.291000 -2.393100 -18.498800
-0.305500 -2.421600 -18.462200
-0.322500 -2.448700 -18.426001
-0.341900 -2.474500 -18.390301
-0.363700 -2.498730 -18.355101
-0.388000 -2.521370 -18.320601
-0.414800 -2.542270 -18.286800
-0.444100 -2.561300 -18.254000
-0.475900 -2.578310 -18.222300
-0.510200 -2.593130 -18.191799
-0.546800 -2.605560 -18.162901
-0.585600 -2.615420 -18.135799
-0.626400 -2.622550 -18.110800
-0.668900 -2.626790 -18.088100
-0.712800 -2.628040 -18.068001
-0.757700 -2.626250 -18.050699
-0.803300 -2.621430 -18.036400
-0.849300 -2.613670 -18.025000
-0.895400 -2.603140 -18.016500
-0.941200 -2.590050 -18.010900
-0.986600 -2.574690 -18.007799
-1.031500 -2.557370 -18.007099
-1.075800 -2.538420 -18.008400
-1.119500 -2.518150 -18.011299
-1.162700 -2.496900 -18.015600
-1.205400 -2.474800 -18.020800
-1.247700 -2.452100 -18.026899
-1.289700 -2.429000 -18.033600
-1.331500 -2.405500 -18.040800
-1.373000 -2.381500 -18.048599
-1.414200 -2.357100 -18.057100
-1.454900 -2.332100 -18.066299
-1.495000 -2.306400 -18.076599
-1.534100 -2.279900 -18.088100
-1.572000 -2.252500 -18.101101
-1.608300 -2.224100 -18.115900
-1.642600 -2.194700 -18.132601
-1.674600 -2.164200 -18.151400
-1.703900 -2.132800 -18.172400
-1.730200 -2.100400 -18.195700
-1.753500 -2.067200 -18.221100
-1.773400 -2.033500 -18.248600
-1.790000 -1.999200 -18.278000
-1.803200 -1.964700 -18.309099
-1.813200 -1.930200 -18.341700
-1.820200 -1.895700 -18.375401
-1.824200 -1.861500 -18.410200
-1.825600 -1.827800 -18.445601
-1.824500 -1.794500 -18.481501
-1.821100 -1.762000 -18.517599
-1.815800 -1.730100 -18.553900
-1.808500 -1.698900 -18.590200
-1.799400 -1.668500 -18.626499
-1.788500 -1.638900 -18.662701
-1.775800 -1.610200 -18.698799
-1.761200 -1.582200 -18.734900
-1.744700 -1.555100 -18.770800
-1.726100 -1.529000 -18.806601
-1.705300 -1.503900 -18.842199
-1.682200 -1.480000 -18.877600
-1.656800 -1.457400 -18.912500
-1.629000 -1.436400 -18.946899
-1.598900 -1.417000 -18.980400
-1.566400 -1.399600 -19.012800
-1.531800 -1.384400 -19.043900
-1.495300 -1.371400 -19.073299
-1.456800 -1.361000 -19.100901
-1.416800 -1.353100 -19.126400
-1.375300 -1.347800 -19.149700
-1.332700 -1.345200 -19.170700
-1.289000 -1.345100 -19.189501
-1.244400 -1.347500 -19.205999
-1.199200 -1.352200 -19.220301
-1.153300 -1.359100 -19.232599
-1.107100 -1.367900 -19.242901
-1.060500 -1.378600 -19.251499
-1.013800 -1.390900 -19.258301
-0.967200 -1.404800 -19.263399
-0.920700 -1.420200 -19.266899
-0.874700 -1.437000 -19.268600
-0.829400 -1.455400 -19.268400
-0.785000 -1.475300 -19.266100
-0.741900 -1.496800 -19.261600
-0.700200 -1.519900 -19.254801
-0.660300 -1.544600 -19.245501
-0.622400 -1.571000 -19.233601
-0.586500 -1.599000 -19.219200
-0.552700 -1.628400 -19.202200
-0.521200 -1.659100 -19.182899

/group/arch_FINAL/95
95
num_smooth_modes 8 creation_method hand_drawn num_subsample_pts 112 nrm {-0.200740 -0.503537 -0.840329} xhat {0.000000 0.857790 -0.514000} creation_type threshold pos {-13.599968 10.044371 -35.653279} pathId 100 shifted_origin {12.4536 -12.4976 16.4906} num_hand_picked_pts 16 posId 95
-0.329700 -2.876490 -19.104200
-0.342600 -2.915190 -19.077900
-0.358000 -2.952870 -19.051600
-0.376000 -2.989320 -19.025499
-0.396600 -3.024350 -18.999599
-0.419700 -3.057760 -18.974001
-0.445500 -3.089370 -18.948900
-0.473800 -3.119000 -18.924400
-0.504600 -3.146480 -18.900600
-0.537900 -3.171650 -18.877600
-0.573500 -3.194350 -18.855400
-0.611300 -3.214470 -18.834400
-0.651200 -3.231880 -18.814400
-0.692900 -3.246500 -18.795700
-0.736200 -3.258270 -18.778299
-0.780900 -3.267180 -18.762300
-0.826600 -3.273260 -18.747700
-0.873100 -3.276550 -18.734600
-0.920200 -3.277160 -18.723000
-0.967400 -3.275240 -18.712900
-1.014700 -3.270920 -18.704201
-1.061900 -3.264390 -18.696800
-1.108800 -3.255840 -18.690701
-1.155300 -3.245410 -18.685801
-1.201500 -3.233280 -18.682100
-1.247300 -3.219550 -18.679399
-1.292700 -3.204340 -18.677700
-1.337600 -3.187700 -18.676901
-1.382200 -3.169650 -18.677099
-1.426300 -3.150190 -18.678200
-1.469800 -3.129320 -18.680300
-1.512700 -3.106980 -18.683399
-1.554600 -3.083160 -18.687700
-1.595600 -3.057800 -18.693100
-1.635200 -3.030900 -18.699800
-1.673300 -3.002430 -18.707701
-1.709700 -2.972420 -18.716999
-1.744200 -2.940880 -18.727699
-1.776600 -2.907880 -18.739700
-1.806800 -2.873470 -18.753099
-1.834700 -2.837740 -18.767900
-1.860200 -2.800780 -18.783899
-1.883300 -2.762690 -18.801201
-1.903900 -2.723610 -18.819700
-1.922100 -2.683660 -18.839300
-1.937700 -2.643000 -18.859900
-1.950700 -2.601780 -18.881500
-1.961100 -2.560190 -18.903999
-1.968700 -2.518400 -18.927200
-1.973500 -2.476600 -18.951099
-1.975400 -2.435000 -18.975500
-1.974300 -2.393800 -19.000500
-1.970200 -2.353200 -19.025801
-1.963000 -2.313300 -19.051399
-1.952800 -2.274300 -19.077200
-1.939700 -2.236400 -19.103100
-1.923700 -2.199500 -19.129000
-1.905000 -2.163900 -19.154800
-1.883800 -2.129500 -19.180500
-1.860200 -2.096500 -19.205900
-1.834300 -2.064800 -19.231100
-1.806400 -2.034600 -19.255899
-1.776500 -2.005900 -19.280199
-1.744700 -1.978900 -19.304001
-1.711100 -1.953600 -19.327101
-1.675800 -1.930200 -19.349600
-1.638800 -1.908900 -19.371201
-1.600200 -1.889700 -19.392000
-1.560100 -1.872700 -19.411699
-1.518500 -1.858100 -19.430401
-1.475700 -1.845900 -19.447901
-1.431600 -1.836100 -19.464300
-1.386600 -1.828700 -19.479500
-1.340900 -1.823500 -19.493601
-1.294400 -1.820400 -19.506500
-1.247600 -1.819300 -19.518400
-1.200500 -1.819900 -19.529200
-1.153200 -1.822300 -19.539101
-1.105900 -1.826100 -19.548100
-1.058600 -1.831400 -19.556299
-1.011500 -1.838100 -19.563499
-0.964500 -1.846300 -19.569799
-0.917700 -1.856000 -19.575100
-0.871300 -1.867500 -19.579300
-0.825400 -1.881000 -19.582300
-0.780100 -1.896500 -19.583799
-0.735600 -1.914400 -19.583700
-0.692300 -1.934700 -19.581800
-0.650400 -1.957700 -19.578100
-0.610300 -1.983200 -19.572399
-0.572100 -2.011300 -19.564600
-0.536400 -2.041900 -19.554899
-0.503100 -2.074700 -19.543100
-0.472700 -2.109500 -19.529600
-0.445100 -2.146100 -19.514200
-0.420300 -2.184100 -19.497400
-0.398400 -2.223100 -19.479200
-0.379200 -2.263000 -19.459900
-0.362600 -2.303400 -19.439699
-0.348200 -2.344200 -19.418600
-0.336100 -2.385300 -19.396999
-0.325800 -2.426400 -19.374800
-0.317400 -2.467600 -19.352100
-0.310600 -2.508860 -19.329000
-0.305400 -2.550140 -19.305500
-0.301900 -2.591430 -19.281601
-0.300000 -2.632720 -19.257299
-0.299900 -2.673980 -19.232599
-0.301600 -2.715150 -19.207500
-0.305300 -2.756120 -19.182100
-0.311100 -2.796770 -19.156300
-0.319200 -2.836950 -19.130301

