/group/brchcph_FINAL/1
1
num_smooth_modes 8 center_x 0.0 center_y 0.0 center_x_in_pixels 0 pathId 200 center_y_in_pixels 0 creation_method threshold shifted_origin {12.4536 -12.4976 16.4906} modified_as_spline 1 paste_pos {-12.220580 12.676046 -35.053706} creation_type threshold paste_xhat {0.000000 0.999993 -0.003831} threshold_value 250 paste_nrm {0.014114 0.003830 0.999893} pos {-12.114294 12.635933 -33.668699} paste_posId 1 xhat {0.000000 0.999465 0.032711} nrm {0.167615 -0.032248 0.985325} paste_pathId 200 posId 16
0.967300 0.772200 -18.575600
0.765900 0.922700 -18.573400
0.520300 1.024100 -18.570299
0.247400 1.073500 -18.566700
-0.013300 1.017500 -18.562799
-0.224900 0.884800 -18.559299
-0.385500 0.713800 -18.556400
-0.473800 0.548400 -18.554600
-0.511500 0.315600 -18.553200
-0.494000 0.040900 -18.552401
-0.392800 -0.189200 -18.552900
-0.202800 -0.375900 -18.554899
0.023300 -0.501000 -18.557600
0.255200 -0.551500 -18.560600
0.474900 -0.520700 -18.563801
0.713700 -0.418700 -18.567600
0.913100 -0.250000 -18.570999
1.024600 -0.082300 -18.573200
1.115300 0.241500 -18.575701
1.095700 0.524300 -18.576500

/group/brchcph_FINAL/12
12
num_smooth_modes 8 center_x 0.0 center_y 0.0 center_x_in_pixels 0 pathId 200 center_y_in_pixels 0 creation_method threshold shifted_origin {12.4536 -12.4976 16.4906} modified_as_spline 1 paste_pos {-12.175770 12.654524 -34.150958} creation_type threshold paste_xhat {0.000000 0.999164 0.040891} threshold_value 250 paste_nrm {0.092071 -0.040718 0.994920} pos {-12.114294 12.635933 -33.668699} paste_posId 12 xhat {0.000000 0.999465 0.032711} nrm {0.167615 -0.032248 0.985325} paste_pathId 200 posId 16
0.746600 0.636200 -17.684900
0.630300 0.799300 -17.667500
0.472800 0.921700 -17.647900
0.280200 0.973600 -17.627899
0.080800 0.954400 -17.610300
-0.100900 0.870300 -17.596901
-0.258000 0.742300 -17.587601
-0.380700 0.603500 -17.582001
-0.429000 0.412500 -17.585300
-0.386600 0.227400 -17.596800
-0.280900 0.050400 -17.613800
-0.144600 -0.101700 -17.632700
0.041400 -0.243800 -17.655701
0.206200 -0.307600 -17.673599
0.384900 -0.304900 -17.690001
0.582000 -0.247500 -17.705900
0.738700 -0.110600 -17.714800
0.829900 0.051100 -17.716600
0.851300 0.250700 -17.710400
0.816800 0.448300 -17.699100

/group/brchcph_FINAL/16
16
num_smooth_modes 8 center_x 0.0 center_y 0.0 center_x_in_pixels 0 pathId 200 center_y_in_pixels 0 creation_method threshold shifted_origin {12.4536 -12.4976 16.4906} modified_as_spline 1 creation_type threshold threshold_value 250 pos {-12.114294 12.635933 -33.668699} nrm {0.167615 -0.032248 0.985325} xhat {0.000000 0.999465 0.032711} posId 16
0.752600 0.582600 -17.234301
0.634100 0.721800 -17.209600
0.498900 0.812100 -17.183701
0.324200 0.854000 -17.152599
0.142900 0.827700 -17.122601
-0.020000 0.746500 -17.097500
-0.141100 0.634300 -17.080601
-0.217300 0.481100 -17.072599
-0.216000 0.315800 -17.078199
-0.172700 0.178300 -17.090099
-0.083200 0.026300 -17.110300
0.054600 -0.101100 -17.137899
0.207800 -0.213000 -17.167601
0.338900 -0.268400 -17.191799
0.482600 -0.275500 -17.216400
0.650200 -0.217400 -17.243099
0.772100 -0.109000 -17.260300
0.839000 0.032500 -17.267000
0.851400 0.221500 -17.263000
0.824400 0.408200 -17.252300

/group/brchcph_FINAL/23
23
num_smooth_modes 8 center_x 0.0 center_y 0.0 center_x_in_pixels 0 pathId 200 center_y_in_pixels 0 creation_method threshold shifted_origin {12.4536 -12.4976 16.4906} modified_as_spline 1 creation_type threshold threshold_value 250 pos {-11.908185 12.621701 -32.834919} nrm {0.299912 -0.002790 0.953963} xhat {0.000000 0.999996 0.002925} posId 23
0.940000 0.011700 -16.468700
0.893700 -0.125600 -16.454500
0.800900 -0.256100 -16.425699
0.666900 -0.331100 -16.383801
0.523500 -0.364500 -16.338800
0.376700 -0.327900 -16.292601
0.242400 -0.265500 -16.250200
0.127600 -0.162000 -16.213800
0.048500 -0.032200 -16.188601
0.010000 0.118700 -16.176001
0.012200 0.263900 -16.176300
0.069300 0.421300 -16.193800
0.182800 0.533000 -16.229099
0.309900 0.612100 -16.268900
0.458900 0.647900 -16.315599
0.616100 0.622400 -16.365101
0.738600 0.575100 -16.403799
0.862500 0.468300 -16.443001
0.933400 0.336300 -16.465700
0.950500 0.165500 -16.471600

/group/brchcph_FINAL/36
36
num_smooth_modes 8 xhat {0.000000 0.999951 0.009926} nrm {0.430529 -0.008959 0.902532} num_subsample_pts 55 creation_method hand_drawn pathId 200 pos {-11.459895 12.626131 -31.679164} creation_type threshold shifted_origin {12.4536 -12.4976 16.4906} posId 36 num_hand_picked_pts 20
0.607700 0.200800 -15.003700
0.613700 0.152400 -15.007100
0.624900 0.105000 -15.012900
0.640300 0.059500 -15.020700
0.659300 0.016500 -15.030100
0.681500 -0.024300 -15.041200
0.707100 -0.062900 -15.053700
0.735900 -0.099500 -15.067800
0.767600 -0.133500 -15.083300
0.801900 -0.163900 -15.100000
0.838600 -0.189900 -15.117700
0.877400 -0.210500 -15.136500
0.918200 -0.225800 -15.156100
0.960900 -0.236200 -15.176500
1.004800 -0.242300 -15.197500
1.049200 -0.244300 -15.218700
1.093200 -0.241900 -15.239700
1.135900 -0.234400 -15.260000
1.176800 -0.220700 -15.279400
1.215600 -0.200200 -15.297700
1.252000 -0.173200 -15.314700
1.285400 -0.140400 -15.330400
1.315100 -0.103100 -15.344200
1.339700 -0.062600 -15.355500
1.358300 -0.019700 -15.363900
1.370400 0.025300 -15.369300
1.376400 0.072200 -15.371700
1.377300 0.120600 -15.371600
1.374400 0.170000 -15.369700
1.368400 0.219100 -15.366400
1.359500 0.266800 -15.361700
1.346900 0.312100 -15.355200
1.329700 0.354700 -15.346600
1.307200 0.394500 -15.335500
1.279700 0.431600 -15.322000
1.248000 0.466300 -15.306500
1.213500 0.498000 -15.289700
1.177300 0.526300 -15.272200
1.140000 0.550400 -15.254200
1.101400 0.569700 -15.235500
1.060800 0.583900 -15.216100
1.018200 0.592900 -15.195600
0.973800 0.596600 -15.174400
0.929000 0.594800 -15.153100
0.885200 0.587000 -15.132200
0.843800 0.573000 -15.112600
0.805400 0.552600 -15.094500
0.770000 0.526400 -15.077900
0.736900 0.495200 -15.062400
0.705700 0.460300 -15.047900
0.676600 0.422600 -15.034400
0.650800 0.382500 -15.022500
0.629900 0.340200 -15.012900
0.615300 0.295600 -15.006400
0.607900 0.248900 -15.003300

/group/brchcph_FINAL/48
48
num_smooth_modes 8 num_subsample_pts 56 pathId 200 creation_method hand_drawn modified_as_spline 1 creation_type threshold shifted_origin {12.4536 -12.4976 16.4906} pos {-11.077275 12.614198 -31.026298} xhat {0.000000 0.998737 0.050237} nrm {0.594901 -0.040381 0.802784} posId 48 num_hand_picked_pts 15
1.027600 0.249500 -14.270500
1.045500 0.119700 -14.290300
1.085700 -0.001600 -14.326200
1.149400 -0.105000 -14.378600
1.237900 -0.176100 -14.447800
1.337200 -0.219400 -14.523500
1.443900 -0.220300 -14.602600
1.540500 -0.161000 -14.671200
1.612100 -0.060500 -14.719200
1.658800 0.059000 -14.747800
1.684900 0.193600 -14.760400
1.689500 0.331300 -14.756900
1.650200 0.457000 -14.721400
1.581500 0.558400 -14.665400
1.477200 0.626400 -14.584700
1.373200 0.655100 -14.506200
1.259800 0.654400 -14.422200
1.160300 0.595100 -14.351500
1.083000 0.503700 -14.298800
1.038700 0.381600 -14.272100

/group/brchcph_FINAL/55
55
num_smooth_modes 8 num_subsample_pts 58 pathId 200 creation_method hand_drawn modified_as_spline 1 creation_type threshold shifted_origin {12.4536 -12.4976 16.4906} pos {-10.853352 12.581436 -30.762148} xhat {0.000000 0.976745 0.214404} nrm {0.681814 -0.156842 0.714514} posId 55 num_hand_picked_pts 16
1.240700 0.272800 -13.886900
1.241400 0.138700 -13.917000
1.268600 0.012200 -13.970800
1.321600 -0.093600 -14.044600
1.399300 -0.166900 -14.134900
1.490600 -0.210200 -14.231500
1.591200 -0.214000 -14.328300
1.692800 -0.180200 -14.417900
1.785800 -0.105600 -14.490200
1.845800 0.004100 -14.523400
1.875600 0.145800 -14.520600
1.874700 0.276600 -14.491200
1.854400 0.391500 -14.446500
1.799600 0.499900 -14.370500
1.723600 0.577300 -14.280900
1.633900 0.618300 -14.186400
1.535100 0.618500 -14.092000
1.440500 0.588300 -14.008400
1.343100 0.513800 -13.931700
1.274500 0.403900 -13.890400

/group/brchcph_FINAL/74
74
num_smooth_modes 8 xhat {0.000000 0.979711 0.200413} nrm {0.659278 -0.150691 0.736644} num_subsample_pts 43 creation_method hand_drawn pathId 200 pos {-10.319179 12.415113 -30.200070} creation_type threshold shifted_origin {12.4536 -12.4976 16.4906} posId 74 num_hand_picked_pts 15
1.907100 -0.050400 -13.499500
1.911600 -0.097100 -13.513000
1.920300 -0.141600 -13.529900
1.933800 -0.182100 -13.550300
1.952700 -0.217200 -13.574400
1.976800 -0.246900 -13.602000
2.005100 -0.271800 -13.632500
2.036300 -0.292100 -13.664500
2.069200 -0.307100 -13.697000
2.103300 -0.315500 -13.729300
2.138400 -0.316700 -13.761000
2.174500 -0.311000 -13.792100
2.210900 -0.299100 -13.822300
2.246600 -0.281700 -13.850600
2.280100 -0.258300 -13.875800
2.310100 -0.228300 -13.896500
2.335700 -0.191500 -13.911900
2.356300 -0.149200 -13.921700
2.372300 -0.103600 -13.926700
2.384100 -0.056700 -13.927600
2.392000 -0.009300 -13.925000
2.395600 0.038200 -13.918500
2.393900 0.084900 -13.907500
2.385900 0.129500 -13.891200
2.371300 0.169900 -13.869800
2.350900 0.205200 -13.844400
2.326900 0.236300 -13.816500
2.301000 0.265000 -13.787500
2.274200 0.292400 -13.757900
2.245900 0.317400 -13.727500
2.215200 0.336500 -13.696000
2.181500 0.345900 -13.663900
2.145700 0.343500 -13.632400
2.109800 0.330100 -13.603000
2.075400 0.308400 -13.576700
2.043500 0.281200 -13.553700
2.013900 0.249800 -13.533600
1.986300 0.214700 -13.516100
1.960900 0.175800 -13.501300
1.939000 0.133600 -13.490400
1.922300 0.089100 -13.484500
1.911600 0.043400 -13.484300
1.906800 -0.003300 -13.489600

/group/brchcph_FINAL/84
84
num_smooth_modes 8 xhat {0.000000 0.975614 0.219493} nrm {0.524606 -0.186864 0.830584} num_subsample_pts 44 creation_method hand_drawn pathId 200 pos {-10.066325 12.360789 -29.883668} creation_type threshold shifted_origin {12.4536 -12.4976 16.4906} posId 84 num_hand_picked_pts 13
2.287400 0.170800 -13.260800
2.251500 0.142800 -13.244400
2.217100 0.111300 -13.229700
2.185000 0.076900 -13.217200
2.156800 0.039500 -13.207800
2.133500 -0.001400 -13.202300
2.115700 -0.045600 -13.201000
2.103100 -0.092200 -13.203600
2.095600 -0.140000 -13.209600
2.093400 -0.187600 -13.218900
2.097200 -0.233800 -13.231700
2.107900 -0.277600 -13.248300
2.125600 -0.317500 -13.268400
2.149900 -0.352100 -13.291600
2.180000 -0.379600 -13.316800
2.214700 -0.399500 -13.343100
2.252600 -0.412100 -13.370000
2.292500 -0.419200 -13.396700
2.333200 -0.422300 -13.423200
2.374000 -0.422400 -13.449000
2.414700 -0.419600 -13.474000
2.455610 -0.412500 -13.498200
2.496480 -0.399800 -13.521200
2.536350 -0.380500 -13.542100
2.573330 -0.354400 -13.559500
2.605440 -0.321600 -13.572400
2.631520 -0.283000 -13.580200
2.651690 -0.239800 -13.583200
2.666800 -0.193400 -13.582300
2.677350 -0.145500 -13.578200
2.682780 -0.097900 -13.571000
2.681700 -0.051900 -13.559900
2.672970 -0.008300 -13.544600
2.656860 0.032700 -13.525200
2.635100 0.070900 -13.502900
2.609980 0.106000 -13.479100
2.582910 0.137700 -13.454900
2.553800 0.165400 -13.430300
2.521550 0.188200 -13.404800
2.485390 0.205100 -13.378100
2.445800 0.214900 -13.350900
2.404600 0.216500 -13.324500
2.363800 0.209300 -13.300400
2.324700 0.193500 -13.279200

/group/brchcph_FINAL/93
93
num_smooth_modes 8 center_x 0.0 center_y 0.0 center_x_in_pixels 0 pathId 200 center_y_in_pixels 0 creation_method threshold shifted_origin {12.4536 -12.4976 16.4906} creation_type threshold threshold_value 300 pos {-9.914247 12.296125 -29.600064} xhat {0.000000 0.987550 0.157304} nrm {0.465084 -0.139256 0.874245} posId 93
2.310800 -0.028300 -12.960300
2.291800 -0.059900 -12.955200
2.276000 -0.093800 -12.952200
2.264100 -0.129800 -12.951600
2.256500 -0.167300 -12.953500
2.253200 -0.205200 -12.957800
2.254100 -0.242700 -12.964300
2.258700 -0.279100 -12.972500
2.266500 -0.314100 -12.982300
2.277300 -0.347900 -12.993400
2.290800 -0.380700 -13.005800
2.307100 -0.412300 -13.019500
2.326200 -0.442100 -13.034400
2.348100 -0.469200 -13.050300
2.372700 -0.492500 -13.067200
2.399900 -0.511500 -13.084600
2.429200 -0.525700 -13.102500
2.460290 -0.535500 -13.120600
2.492720 -0.541400 -13.138800
2.526060 -0.543900 -13.156900
2.559860 -0.543300 -13.174800
2.593650 -0.539700 -13.192200
2.626990 -0.532800 -13.208900
2.659560 -0.522600 -13.224600
2.691190 -0.509100 -13.239200
2.721890 -0.492600 -13.252900
2.751750 -0.473500 -13.265800
2.780770 -0.452200 -13.277800
2.808620 -0.428600 -13.288900
2.834610 -0.402400 -13.298500
2.857640 -0.373300 -13.306200
2.876480 -0.341300 -13.311100
2.890060 -0.306600 -13.312800
2.897790 -0.270100 -13.311100
2.899780 -0.232700 -13.306200
2.896790 -0.195600 -13.298700
2.889960 -0.159400 -13.289300
2.880460 -0.124300 -13.278600
2.869130 -0.090200 -13.267200
2.856270 -0.057000 -13.255000
2.841660 -0.024600 -13.242100
2.824770 0.006300 -13.228200
2.805090 0.035000 -13.213200
2.782340 0.060300 -13.197000
2.756630 0.081800 -13.179900
2.728400 0.099100 -13.162100
2.698250 0.112800 -13.143900
2.666790 0.123300 -13.125500
2.634460 0.131200 -13.107100
2.601600 0.136400 -13.088800
2.568430 0.138400 -13.070800
2.535240 0.136400 -13.053500
2.502400 0.129500 -13.037100
2.470330 0.117400 -13.022000
2.439500 0.100400 -13.008200
2.410100 0.079300 -12.996000
2.382400 0.055300 -12.985100
2.356500 0.029100 -12.975500
2.332600 0.001300 -12.967200

/group/brchcph_FINAL/100
100
num_smooth_modes 8 center_x 0.0 center_y 0.0 center_x_in_pixels 0 pathId 200 center_y_in_pixels 0 creation_method threshold shifted_origin {12.4536 -12.4976 16.4906} creation_type threshold threshold_value 300 pos {-9.773998 12.255403 -29.353874} xhat {0.000000 0.973885 0.227042} nrm {0.511175 -0.195138 0.837031} posId 100
3.023840 -0.386300 -13.107100
3.012870 -0.422100 -13.108700
2.997050 -0.455700 -13.106900
2.976430 -0.486100 -13.101400
2.951660 -0.512700 -13.092500
2.923760 -0.535100 -13.080700
2.893940 -0.553800 -13.066800
2.863190 -0.569600 -13.051700
2.832160 -0.583400 -13.036000
2.801020 -0.596100 -13.019900
2.769670 -0.607700 -13.003500
2.737890 -0.618000 -12.986500
2.705630 -0.626000 -12.968600
2.673160 -0.630400 -12.949900
2.641010 -0.630400 -12.930200
2.609920 -0.625000 -12.910000
2.580570 -0.614400 -12.889600
2.553430 -0.598700 -12.869300
2.528650 -0.579000 -12.849600
2.506120 -0.555900 -12.830500
2.485610 -0.530400 -12.812000
2.466940 -0.502900 -12.794200
2.450200 -0.473800 -12.777200
2.435500 -0.443200 -12.761100
2.423700 -0.410800 -12.746300
2.415100 -0.376900 -12.733200
2.410500 -0.341600 -12.722100
2.410200 -0.305300 -12.713500
2.414300 -0.268500 -12.707400
2.422600 -0.231900 -12.703900
2.434800 -0.196200 -12.703000
2.450300 -0.162000 -12.704500
2.468700 -0.129600 -12.708200
2.489560 -0.099100 -12.713800
2.512520 -0.070600 -12.721200
2.537360 -0.044100 -12.730200
2.563890 -0.019700 -12.740700
2.591980 0.002300 -12.752800
2.621470 0.021400 -12.766300
2.652130 0.037200 -12.781400
2.683640 0.048900 -12.797900
2.715630 0.056400 -12.815700
2.747720 0.059400 -12.834600
2.779530 0.058200 -12.854300
2.810770 0.053300 -12.874500
2.841170 0.044900 -12.895000
2.870500 0.033500 -12.915600
2.898500 0.019100 -12.936000
2.924780 0.001500 -12.956200
2.948860 -0.019400 -12.975800
2.970220 -0.043800 -12.994500
2.988400 -0.071400 -13.012000
3.003140 -0.102000 -13.028200
3.014490 -0.134700 -13.042700
3.022780 -0.168900 -13.055800
3.028500 -0.204100 -13.067500
3.032130 -0.239800 -13.078000
3.033870 -0.276000 -13.087500
3.033510 -0.312700 -13.095800
3.030460 -0.349600 -13.102600

/group/brchcph_FINAL/107
107
num_smooth_modes 8 center_x 0.0 center_y 0.0 center_x_in_pixels 0 pathId 200 center_y_in_pixels 0 creation_method threshold shifted_origin {12.4536 -12.4976 16.4906} modified_as_spline 1 creation_type threshold threshold_value 300 pos {-9.621402 12.177670 -29.125029} nrm {0.561779 -0.326903 0.759960} xhat {0.000000 0.918617 0.395150} posId 107
3.105990 -0.525000 -12.925100
3.032040 -0.599100 -12.902300
2.953240 -0.657800 -12.869300
2.859820 -0.694900 -12.816200
2.766810 -0.707800 -12.753000
2.684240 -0.683700 -12.681600
2.624180 -0.620900 -12.610200
2.586630 -0.544300 -12.549500
2.570830 -0.445200 -12.495200
2.588710 -0.338200 -12.462400
2.634970 -0.237300 -12.453200
2.704760 -0.154800 -12.469300
2.787750 -0.086100 -12.501100
2.876630 -0.043800 -12.548600
2.958090 -0.034000 -12.604600
3.045760 -0.058400 -12.679900
3.128760 -0.122000 -12.768600
3.172960 -0.212500 -12.840200
3.182820 -0.308100 -12.888600
3.163320 -0.417400 -12.921200

/group/brchcph_FINAL/111
111
num_smooth_modes 8 center_x 0.0 center_y 0.0 center_x_in_pixels 0 pathId 200 center_y_in_pixels 0 creation_method threshold shifted_origin {12.4536 -12.4976 16.4906} modified_as_spline 1 creation_type threshold threshold_value 300 pos {-9.524614 12.121132 -29.002106} nrm {0.601476 -0.353401 0.716473} xhat {0.000000 0.896835 0.442365} posId 111
3.201100 -0.143700 -12.625400
3.134480 -0.101000 -12.548400
3.049090 -0.089400 -12.471000
2.957220 -0.108700 -12.403400
2.866560 -0.160000 -12.352600
2.784320 -0.235100 -12.320600
2.728500 -0.323400 -12.317300
2.693170 -0.425900 -12.338200
2.675120 -0.530000 -12.374400
2.685450 -0.621700 -12.428300
2.726520 -0.699800 -12.501300
2.786750 -0.739400 -12.571400
2.867170 -0.755600 -12.646900
2.960630 -0.733800 -12.714600
3.045740 -0.688500 -12.763700
3.128460 -0.613400 -12.796100
3.189610 -0.521500 -12.802100
3.235600 -0.418500 -12.789900
3.258120 -0.315300 -12.757900
3.245170 -0.215500 -12.697800

/group/brchcph_FINAL/126
126
num_smooth_modes 6 center_x 0.0 center_y 0.0 center_x_in_pixels 0 pathId 200 center_y_in_pixels 0 creation_method threshold shifted_origin {12.4536 -12.4976 16.4906} creation_type threshold threshold_value 210 pos {-9.068888 11.822240 -28.558124} xhat {0.000000 0.754284 0.656548} nrm {0.682959 -0.479580 0.550972} posId 126
3.565350 -0.712100 -12.323400
3.550170 -0.746600 -12.334600
3.531370 -0.780100 -12.340500
3.508930 -0.811800 -12.340300
3.483270 -0.840700 -12.333600
3.455290 -0.865900 -12.320900
3.426190 -0.886800 -12.302900
3.397240 -0.902700 -12.281000
3.369470 -0.913500 -12.255900
3.343490 -0.918800 -12.228300
3.319530 -0.918700 -12.198600
3.297590 -0.913500 -12.166800
3.277750 -0.903600 -12.133600
3.260320 -0.889500 -12.099700
3.245870 -0.871800 -12.066400
3.235140 -0.851000 -12.035000
3.228710 -0.827400 -12.006500
3.226750 -0.801100 -11.981100
3.228940 -0.772200 -11.958700
3.234520 -0.740700 -11.938300
3.242630 -0.707200 -11.919100
3.252620 -0.672000 -11.900900
3.264310 -0.636200 -11.884200
3.278080 -0.600800 -11.870500
3.294600 -0.567000 -11.861500
3.314530 -0.535700 -11.859000
3.338130 -0.507700 -11.863800
3.365010 -0.483400 -11.876000
3.394150 -0.463100 -11.894500
3.424100 -0.447200 -11.917800
3.453390 -0.435900 -11.944200
3.480770 -0.429500 -11.972600
3.505500 -0.428400 -12.002300
3.527260 -0.432700 -12.033000
3.546040 -0.442300 -12.064600
3.561920 -0.456800 -12.096900
3.574880 -0.475700 -12.129400
3.584790 -0.498100 -12.161200
3.591470 -0.523400 -12.191500
3.594840 -0.550900 -12.219700
3.594930 -0.580300 -12.245400
3.591920 -0.611400 -12.268700
3.585990 -0.644000 -12.289700
3.577180 -0.677700 -12.308100

/group/brchcph_FINAL/132
132
num_smooth_modes 6 center_x 0.0 center_y 0.0 center_x_in_pixels 0 pathId 200 center_y_in_pixels 0 creation_method threshold shifted_origin {12.4536 -12.4976 16.4906} creation_type threshold threshold_value 160 pos {-8.844774 11.669395 -28.398905} xhat {0.000000 0.679341 0.733822} nrm {0.751017 -0.484531 0.448558} posId 132
3.807170 -0.695700 -12.097300
3.800350 -0.725800 -12.118400
3.789470 -0.758000 -12.135000
3.775210 -0.791100 -12.146800
3.758340 -0.824100 -12.154200
3.739420 -0.856100 -12.157100
3.718790 -0.886800 -12.155700
3.696600 -0.916000 -12.150000
3.672980 -0.943300 -12.140100
3.648260 -0.968400 -12.125800
3.623050 -0.990400 -12.107300
3.598210 -1.008000 -12.084800
3.574660 -1.020300 -12.058600
3.553230 -1.026400 -12.029300
3.534420 -1.026300 -11.997700
3.518450 -1.020400 -11.964500
3.505290 -1.009400 -11.930700
3.494860 -0.994500 -11.897100
3.487170 -0.976300 -11.864600
3.482350 -0.955400 -11.833900
3.480600 -0.931900 -11.805600
3.482110 -0.905800 -11.779900
3.486900 -0.877200 -11.757100
3.494820 -0.846400 -11.737100
3.505580 -0.814100 -11.720200
3.518920 -0.781000 -11.706800
3.534650 -0.748000 -11.697400
3.552720 -0.715900 -11.693000
3.573090 -0.685400 -11.694200
3.595580 -0.657300 -11.701500
3.619750 -0.632200 -11.714900
3.644810 -0.611000 -11.733900
3.669740 -0.594200 -11.757500
3.693550 -0.582500 -11.784800
3.715450 -0.576200 -11.814600
3.735060 -0.574900 -11.846000
3.752400 -0.578100 -11.878500
3.767690 -0.585200 -11.911800
3.781110 -0.595500 -11.945400
3.792570 -0.608900 -11.979000
3.801620 -0.625300 -12.011900
3.807530 -0.645200 -12.043300
3.809540 -0.668700 -12.072000

/group/brchcph_FINAL/141
141
num_smooth_modes 8 center_x 0.0 center_y 0.0 center_x_in_pixels 0 pathId 200 center_y_in_pixels 0 creation_method threshold shifted_origin {12.4536 -12.4976 16.4906} creation_type threshold threshold_value 140 pos {-8.454907 11.442517 -28.240051} xhat {0.000000 0.405694 0.914009} nrm {0.855037 -0.473974 0.210379} posId 141
4.133680 -0.910300 -11.971800
4.119840 -0.943000 -11.989400
4.101950 -0.978900 -11.997500
4.081960 -1.014800 -11.997200
4.061400 -1.048800 -11.990200
4.040840 -1.080400 -11.977800
4.020250 -1.109900 -11.960700
3.999660 -1.137600 -11.939200
3.979440 -1.163000 -11.914200
3.960090 -1.185600 -11.886600
3.941920 -1.205100 -11.856600
3.925020 -1.221100 -11.824100
3.909690 -1.233000 -11.788700
3.896620 -1.239800 -11.750700
3.886580 -1.240400 -11.711300
3.879990 -1.234800 -11.671900
3.876670 -1.223700 -11.633500
3.876280 -1.208000 -11.596500
3.878860 -1.187900 -11.561600
3.884980 -1.162900 -11.530200
3.895200 -1.133200 -11.504900
3.909420 -1.099900 -11.487500
3.926750 -1.064700 -11.478700
3.945950 -1.029400 -11.477300
3.966160 -0.994800 -11.481300
3.986950 -0.960900 -11.489400
4.008060 -0.928200 -11.501700
4.028950 -0.898200 -11.519000
4.048820 -0.872600 -11.542100
4.067090 -0.852400 -11.570900
4.083620 -0.837400 -11.604300
4.098540 -0.826700 -11.640700
4.111800 -0.819700 -11.678800
4.122990 -0.816700 -11.717500
4.131710 -0.818200 -11.756400
4.138010 -0.824100 -11.795300
4.142400 -0.833600 -11.834500
4.145130 -0.846000 -11.873600
4.145560 -0.862000 -11.911400
4.142190 -0.883100 -11.945100

