/group/lt_crtd_FINAL/0
0
num_smooth_modes 6 center_x 0.0 center_y 0.0 center_x_in_pixels 0 pathId 400 center_y_in_pixels 0 creation_method threshold shifted_origin {12.4536 -12.4976 16.4906} modified_as_spline 1 paste_pos {-12.736500 12.145800 -34.108601} creation_type threshold paste_nrm {-0.149746 -0.064433 0.986623} paste_xhat {0.000000 0.997874 0.065168} threshold_value 275 pos {-12.835514 12.110269 -33.467598} paste_posId 0 xhat {0.000000 0.998792 0.049138} nrm {-0.154114 -0.048551 0.986860} paste_pathId 400 posId 9
0.205800 -0.538800 -17.556400
0.204000 -0.399400 -17.547600
0.172400 -0.252700 -17.542801
0.085100 -0.123600 -17.547600
0.000200 -0.020600 -17.553699
-0.134700 0.099900 -17.566299
-0.303100 0.204800 -17.584999
-0.509200 0.274900 -17.611700
-0.662700 0.280200 -17.634701
-0.763000 0.206000 -17.654699
-0.834500 0.105600 -17.672199
-0.888400 -0.003700 -17.687500
-0.883400 -0.195300 -17.699301
-0.801600 -0.353700 -17.697201
-0.685100 -0.515300 -17.690100
-0.517600 -0.652400 -17.673700
-0.359600 -0.728500 -17.654600
-0.178800 -0.778600 -17.630501
-0.005300 -0.779200 -17.604200
0.134400 -0.707300 -17.578300

/group/lt_crtd_FINAL/5
5
num_smooth_modes 6 center_x 0.0 center_y 0.0 center_x_in_pixels 0 pathId 400 center_y_in_pixels 0 creation_method threshold shifted_origin {12.4536 -12.4976 16.4906} modified_as_spline 1 paste_pos {-12.768702 12.133146 -33.898366} creation_type threshold paste_xhat {0.000000 0.998369 0.057098} threshold_value 275 paste_nrm {-0.151951 -0.056435 0.986775} pos {-12.835514 12.110269 -33.467598} paste_posId 5 xhat {0.000000 0.998792 0.049138} nrm {-0.154114 -0.048551 0.986860} paste_pathId 400 posId 9
0.084000 -0.634000 -17.362600
0.097800 -0.474600 -17.351299
0.051600 -0.346400 -17.351101
-0.002200 -0.243600 -17.353500
-0.123500 -0.086900 -17.363199
-0.240400 0.042200 -17.373800
-0.344800 0.134900 -17.384600
-0.483900 0.201000 -17.402201
-0.615600 0.211200 -17.421900
-0.724000 0.134800 -17.442900
-0.764000 0.020100 -17.455700
-0.777600 -0.137000 -17.466700
-0.753600 -0.297400 -17.472200
-0.671800 -0.441500 -17.467899
-0.559500 -0.549900 -17.456800
-0.468300 -0.627700 -17.447201
-0.361300 -0.705900 -17.435200
-0.253500 -0.749600 -17.421101
-0.126700 -0.764900 -17.402500
-0.001100 -0.707000 -17.379801

/group/lt_crtd_FINAL/9
9
num_smooth_modes 6 center_x 0.0 center_y 0.0 center_x_in_pixels 0 pathId 400 center_y_in_pixels 0 creation_method threshold shifted_origin {12.4536 -12.4976 16.4906} creation_type threshold threshold_value 275 pos {-12.835514 12.110269 -33.467598} xhat {0.000000 0.998792 0.049138} nrm {-0.154114 -0.048551 0.986860} posId 9
-0.046100 -0.584100 -16.934200
-0.035700 -0.547600 -16.930799
-0.031600 -0.509400 -16.928301
-0.033100 -0.470300 -16.926600
-0.039300 -0.431300 -16.925699
-0.049100 -0.392900 -16.925301
-0.061400 -0.355500 -16.925400
-0.075500 -0.319100 -16.925800
-0.090600 -0.283800 -16.926399
-0.106700 -0.249400 -16.927200
-0.124000 -0.215600 -16.928301
-0.143100 -0.182500 -16.929600
-0.164600 -0.150300 -16.931400
-0.188900 -0.119600 -16.933701
-0.216300 -0.091100 -16.936600
-0.246900 -0.065700 -16.940100
-0.280300 -0.044400 -16.944300
-0.315800 -0.028100 -16.948999
-0.352700 -0.017200 -16.954201
-0.390300 -0.011900 -16.959801
-0.427900 -0.012200 -16.965700
-0.465100 -0.017600 -16.971800
-0.501700 -0.027500 -16.978001
-0.537400 -0.041200 -16.984301
-0.572300 -0.058200 -16.990499
-0.605900 -0.078100 -16.996799
-0.637900 -0.100900 -17.002899
-0.667500 -0.126500 -17.008801
-0.693800 -0.155100 -17.014299
-0.715900 -0.186500 -17.019300
-0.732600 -0.220700 -17.023600
-0.743300 -0.257000 -17.027000
-0.747500 -0.294900 -17.029499
-0.745000 -0.333200 -17.031000
-0.736200 -0.371200 -17.031500
-0.721900 -0.407800 -17.031099
-0.702800 -0.442400 -17.029800
-0.680000 -0.474500 -17.027800
-0.654500 -0.504300 -17.025299
-0.627100 -0.531800 -17.022400
-0.598300 -0.557600 -17.019199
-0.568700 -0.582100 -17.015699
-0.538200 -0.605600 -17.012100
-0.507000 -0.628200 -17.008400
-0.474800 -0.649900 -17.004400
-0.441700 -0.670100 -17.000200
-0.407300 -0.688100 -16.995800
-0.371600 -0.703300 -16.990900
-0.334700 -0.714700 -16.985701
-0.296800 -0.721600 -16.980200
-0.258300 -0.723400 -16.974199
-0.219800 -0.719600 -16.968000
-0.182100 -0.710000 -16.961700
-0.146500 -0.694700 -16.955400
-0.114000 -0.673900 -16.949301
-0.085800 -0.648100 -16.943600
-0.062900 -0.617900 -16.938499

/group/lt_crtd_FINAL/14
14
num_smooth_modes 6 center_x 0.0 center_y 0.0 center_x_in_pixels 0 pathId 400 center_y_in_pixels 0 creation_method threshold shifted_origin {12.4536 -12.4976 16.4906} creation_type threshold threshold_value 275 pos {-12.960061 12.076305 -32.678654} xhat {0.000000 0.999323 0.036784} nrm {-0.157531 -0.036325 0.986846} posId 14
-0.217000 -0.615600 -16.149000
-0.204000 -0.578500 -16.145599
-0.196700 -0.540600 -16.143000
-0.194500 -0.502000 -16.141199
-0.196800 -0.462700 -16.140100
-0.202600 -0.422800 -16.139601
-0.211700 -0.383000 -16.139601
-0.223900 -0.344100 -16.140100
-0.239900 -0.307300 -16.141300
-0.260100 -0.273500 -16.143299
-0.285200 -0.243600 -16.146200
-0.315200 -0.218300 -16.150101
-0.349500 -0.198200 -16.154800
-0.387000 -0.183600 -16.160200
-0.426000 -0.175200 -16.166201
-0.465300 -0.173300 -16.172400
-0.503700 -0.178100 -16.178699
-0.540600 -0.189300 -16.184999
-0.575800 -0.206300 -16.191200
-0.609400 -0.228000 -16.197399
-0.641300 -0.253000 -16.203400
-0.671200 -0.280500 -16.209200
-0.698400 -0.309700 -16.214600
-0.721900 -0.340800 -16.219500
-0.740600 -0.374000 -16.223700
-0.753700 -0.409900 -16.227100
-0.760500 -0.448600 -16.229601
-0.761100 -0.489200 -16.231199
-0.755600 -0.530600 -16.231899
-0.744600 -0.570700 -16.231600
-0.728500 -0.607700 -16.230400
-0.707500 -0.640100 -16.228201
-0.682000 -0.667600 -16.225100
-0.652300 -0.690400 -16.221201
-0.619000 -0.709500 -16.216600
-0.582900 -0.726200 -16.211500
-0.544800 -0.741000 -16.205900
-0.505700 -0.753700 -16.200199
-0.466500 -0.763200 -16.194300
-0.427800 -0.767900 -16.188299
-0.390200 -0.766000 -16.182199
-0.354100 -0.756600 -16.176100
-0.319800 -0.739300 -16.170000
-0.288000 -0.715000 -16.164000
-0.259700 -0.685100 -16.158400
-0.235700 -0.651500 -16.153299

/group/lt_crtd_FINAL/18
18
num_smooth_modes 6 center_x 0.0 center_y 0.0 center_x_in_pixels 0 pathId 400 center_y_in_pixels 0 creation_method threshold shifted_origin {12.4536 -12.4976 16.4906} creation_type threshold threshold_value 275 pos {-13.085213 12.052377 -31.903057} xhat {0.000000 0.999703 0.024386} nrm {-0.161072 -0.024067 0.986649} posId 18
-0.362000 -0.396400 -15.367200
-0.382300 -0.360000 -15.369700
-0.404500 -0.325000 -15.372500
-0.428900 -0.292000 -15.375600
-0.456400 -0.262400 -15.379400
-0.488000 -0.238000 -15.383900
-0.524000 -0.220400 -15.389400
-0.563700 -0.210900 -15.395700
-0.605500 -0.210200 -15.402500
-0.646800 -0.217800 -15.409400
-0.685400 -0.233000 -15.416100
-0.719600 -0.254500 -15.422200
-0.748800 -0.281100 -15.427600
-0.773500 -0.312000 -15.432400
-0.794700 -0.346400 -15.436700
-0.813200 -0.383700 -15.440600
-0.828900 -0.423200 -15.444100
-0.841100 -0.464000 -15.447100
-0.848400 -0.505100 -15.449300
-0.849100 -0.545400 -15.450400
-0.842400 -0.584300 -15.450300
-0.828100 -0.621300 -15.448800
-0.806800 -0.655800 -15.446200
-0.780000 -0.687700 -15.442600
-0.749100 -0.716300 -15.438200
-0.715200 -0.741000 -15.433300
-0.679200 -0.760800 -15.427900
-0.641500 -0.774800 -15.422100
-0.602400 -0.782600 -15.415900
-0.562500 -0.783900 -15.409400
-0.522300 -0.778700 -15.402700
-0.482800 -0.767500 -15.396000
-0.445100 -0.750600 -15.389500
-0.410400 -0.728300 -15.383200
-0.379600 -0.700900 -15.377600
-0.354100 -0.668900 -15.372600
-0.334800 -0.632900 -15.368600
-0.322500 -0.594000 -15.365600
-0.317700 -0.553600 -15.363900
-0.320400 -0.512800 -15.363300
-0.329600 -0.472800 -15.363800
-0.344000 -0.433900 -15.365200

/group/lt_crtd_FINAL/22
22
num_smooth_modes 6 center_x 0.0 center_y 0.0 center_x_in_pixels 0 pathId 400 center_y_in_pixels 0 creation_method threshold shifted_origin {12.4536 -12.4976 16.4906} creation_type threshold threshold_value 275 pos {-13.226691 12.037869 -31.047911} xhat {0.000000 0.999961 0.008812} nrm {-0.165524 -0.008691 0.986168} posId 22
-0.479500 -0.560400 -14.508900
-0.491900 -0.596600 -14.511300
-0.508100 -0.629900 -14.514300
-0.528300 -0.660500 -14.518000
-0.552700 -0.688800 -14.522300
-0.581400 -0.714400 -14.527400
-0.614100 -0.736600 -14.533100
-0.649800 -0.753900 -14.539200
-0.687100 -0.764900 -14.545600
-0.724500 -0.768300 -14.551900
-0.761000 -0.764200 -14.558000
-0.796200 -0.753200 -14.563800
-0.830000 -0.736900 -14.569300
-0.862700 -0.716700 -14.574600
-0.894300 -0.693800 -14.579700
-0.924300 -0.668700 -14.584500
-0.951800 -0.641200 -14.588900
-0.975200 -0.610900 -14.592600
-0.993200 -0.577500 -14.595300
-1.004800 -0.541300 -14.596900
-1.009500 -0.503400 -14.597400
-1.007500 -0.464800 -14.596700
-0.999600 -0.427000 -14.595000
-0.986500 -0.390900 -14.592500
-0.968800 -0.356900 -14.589300
-0.947000 -0.325400 -14.585300
-0.921400 -0.296600 -14.580800
-0.892200 -0.271100 -14.575600
-0.860000 -0.250100 -14.570100
-0.825400 -0.234800 -14.564100
-0.789400 -0.226200 -14.558000
-0.752600 -0.224800 -14.551800
-0.715800 -0.230100 -14.545700
-0.679200 -0.240900 -14.539600
-0.643100 -0.255600 -14.533700
-0.607800 -0.273200 -14.527900
-0.573900 -0.292900 -14.522400
-0.542600 -0.315100 -14.517300
-0.515300 -0.340600 -14.513000
-0.493300 -0.370100 -14.509600
-0.477900 -0.404100 -14.507300
-0.469400 -0.441700 -14.506200
-0.467400 -0.481600 -14.506200
-0.471100 -0.521700 -14.507200

/group/lt_crtd_FINAL/27
27
num_smooth_modes 6 center_x 0.0 center_y 0.0 center_x_in_pixels 0 pathId 400 center_y_in_pixels 0 creation_method threshold shifted_origin {12.4536 -12.4976 16.4906} creation_type threshold threshold_value 300 pos {-13.418403 12.040267 -29.926833} xhat {0.000000 0.999899 -0.014215} nrm {-0.171841 0.014004 0.985025} posId 27
-0.677300 -0.359200 -13.387500
-0.675300 -0.397200 -13.386600
-0.678700 -0.435800 -13.386600
-0.686400 -0.474500 -13.387400
-0.697800 -0.512600 -13.388900
-0.712600 -0.549200 -13.390900
-0.731200 -0.583000 -13.393700
-0.754300 -0.612800 -13.397300
-0.782300 -0.637600 -13.401800
-0.815000 -0.656700 -13.407300
-0.851600 -0.669900 -13.413500
-0.890400 -0.677400 -13.420100
-0.929700 -0.679400 -13.427000
-0.968100 -0.676300 -13.433700
-1.004700 -0.668500 -13.440200
-1.039600 -0.656200 -13.446500
-1.072900 -0.639300 -13.452500
-1.104900 -0.618000 -13.458400
-1.135100 -0.592500 -13.464000
-1.162300 -0.563200 -13.469200
-1.184800 -0.530800 -13.473600
-1.201000 -0.496100 -13.476900
-1.209600 -0.459700 -13.478900
-1.210700 -0.422500 -13.479600
-1.204900 -0.384900 -13.479200
-1.193800 -0.347500 -13.477700
-1.178900 -0.310900 -13.475700
-1.161000 -0.275700 -13.473000
-1.140500 -0.242700 -13.469900
-1.116900 -0.212800 -13.466200
-1.089700 -0.186900 -13.461900
-1.058500 -0.165500 -13.456700
-1.023600 -0.149400 -13.450900
-0.986000 -0.138900 -13.444500
-0.947200 -0.134100 -13.437800
-0.908700 -0.135100 -13.431000
-0.871500 -0.142000 -13.424400
-0.836200 -0.154500 -13.418100
-0.803000 -0.172500 -13.412100
-0.772200 -0.195300 -13.406400
-0.744100 -0.222500 -13.401100
-0.719500 -0.253300 -13.396300
-0.699600 -0.286700 -13.392400
-0.685400 -0.322200 -13.389400

/group/lt_crtd_FINAL/32
32
num_smooth_modes 6 center_x 0.0 center_y 0.0 center_x_in_pixels 0 pathId 400 center_y_in_pixels 0 creation_method threshold shifted_origin {12.4536 -12.4976 16.4906} creation_type threshold threshold_value 300 pos {-13.618083 12.071552 -28.806931} xhat {0.000000 0.999045 -0.043695} nrm {-0.179555 0.042985 0.982808} posId 32
-0.973000 -0.472400 -12.279300
-0.953000 -0.433500 -12.277400
-0.940000 -0.391500 -12.276800
-0.935000 -0.347200 -12.277900
-0.938100 -0.302400 -12.280400
-0.948800 -0.258900 -12.284200
-0.966300 -0.218300 -12.289200
-0.989500 -0.181500 -12.295100
-1.018000 -0.148800 -12.301700
-1.051200 -0.120400 -12.309000
-1.088700 -0.097100 -12.316900
-1.129600 -0.080200 -12.325100
-1.172600 -0.071300 -12.333300
-1.215900 -0.071800 -12.341200
-1.257800 -0.081800 -12.348400
-1.297200 -0.100500 -12.354800
-1.333400 -0.126000 -12.360300
-1.366000 -0.156600 -12.364900
-1.394400 -0.191100 -12.368600
-1.417700 -0.228900 -12.371200
-1.434700 -0.269600 -12.372500
-1.444200 -0.312500 -12.372400
-1.445300 -0.356600 -12.370700
-1.438300 -0.400200 -12.367500
-1.423800 -0.441800 -12.363000
-1.402900 -0.480400 -12.357500
-1.376700 -0.515600 -12.351200
-1.345800 -0.546800 -12.344200
-1.310700 -0.573500 -12.336600
-1.271900 -0.594200 -12.328600
-1.230200 -0.607300 -12.320400
-1.187200 -0.611100 -12.312400
-1.144300 -0.605300 -12.304800
-1.103100 -0.590300 -12.297900
-1.064700 -0.567900 -12.291900
-1.029800 -0.540000 -12.286700
-0.999000 -0.508000 -12.282500

/group/lt_crtd_FINAL/37
37
num_smooth_modes 6 center_x 0.0 center_y 0.0 center_x_in_pixels 0 pathId 400 center_y_in_pixels 0 creation_method threshold shifted_origin {12.4536 -12.4976 16.4906} creation_type threshold threshold_value 325 pos {-13.817180 12.136472 -27.744518} xhat {0.000000 0.996711 -0.081033} nrm {-0.188711 0.079577 0.978803} posId 37
-1.211700 -0.309700 -11.228800
-1.221000 -0.345400 -11.227700
-1.235500 -0.379600 -11.227700
-1.254600 -0.411600 -11.228800
-1.277300 -0.440700 -11.230800
-1.303100 -0.466200 -11.233700
-1.331800 -0.487300 -11.237500
-1.363400 -0.503300 -11.242300
-1.397700 -0.513700 -11.248100
-1.434000 -0.518300 -11.254700
-1.471300 -0.517000 -11.262000
-1.507700 -0.510000 -11.269600
-1.541700 -0.497500 -11.277200
-1.571900 -0.479800 -11.284400
-1.597800 -0.457200 -11.291300
-1.619700 -0.430200 -11.297700
-1.638000 -0.399200 -11.303700
-1.653300 -0.365300 -11.309400
-1.665500 -0.329400 -11.314700
-1.674100 -0.292900 -11.319300
-1.677900 -0.256700 -11.323000
-1.676000 -0.221500 -11.325500
-1.667600 -0.187700 -11.326600
-1.653000 -0.155400 -11.326400
-1.633100 -0.124600 -11.325100
-1.608900 -0.095600 -11.322800
-1.581800 -0.069100 -11.319700
-1.552400 -0.046200 -11.315900
-1.521100 -0.028100 -11.311400
-1.488000 -0.016100 -11.306000
-1.453600 -0.011100 -11.299700
-1.418300 -0.013100 -11.292800
-1.383100 -0.021800 -11.285300
-1.349400 -0.036300 -11.277600
-1.318200 -0.055700 -11.270000
-1.290500 -0.079100 -11.262800
-1.266400 -0.105700 -11.256000
-1.246200 -0.135200 -11.249700
-1.230000 -0.167200 -11.243900
-1.217800 -0.201200 -11.238800
-1.210400 -0.236800 -11.234500
-1.208200 -0.273200 -11.231100

/group/lt_crtd_FINAL/45
45
num_smooth_modes 6 center_x 0.0 center_y 0.0 center_x_in_pixels 0 pathId 400 center_y_in_pixels 0 creation_method threshold shifted_origin {12.4536 -12.4976 16.4906} creation_type threshold threshold_value 325 pos {-14.116329 12.312509 -26.267387} xhat {0.000000 0.987193 -0.159530} nrm {-0.205539 0.156123 0.966115} posId 45
-1.616000 0.074500 -9.808800
-1.648400 0.096300 -9.819200
-1.683600 0.112500 -9.829300
-1.720800 0.123000 -9.838900
-1.759400 0.127500 -9.847900
-1.798500 0.125900 -9.855900
-1.837600 0.118100 -9.863000
-1.875400 0.104200 -9.868800
-1.910800 0.084500 -9.873100
-1.942600 0.059600 -9.875900
-1.969700 0.030000 -9.876800
-1.991200 -0.003300 -9.876000
-2.006900 -0.039500 -9.873500
-2.016900 -0.078000 -9.869500
-2.021400 -0.117800 -9.864000
-2.020600 -0.158100 -9.857300
-2.014500 -0.197800 -9.849600
-2.003100 -0.235700 -9.841000
-1.986200 -0.270800 -9.831800
-1.964100 -0.302200 -9.822000
-1.937100 -0.329500 -9.811800
-1.906000 -0.352500 -9.801500
-1.871600 -0.371200 -9.791100
-1.834700 -0.385600 -9.781000
-1.796300 -0.395300 -9.771200
-1.757100 -0.399600 -9.762200
-1.717900 -0.397700 -9.754200
-1.679900 -0.388700 -9.747500
-1.644000 -0.372500 -9.742500
-1.611600 -0.349300 -9.739400
-1.583500 -0.320200 -9.738100
-1.560600 -0.286600 -9.738700
-1.543000 -0.249900 -9.740800
-1.530700 -0.211600 -9.744400
-1.523500 -0.172300 -9.749200
-1.521200 -0.132900 -9.755100
-1.523800 -0.093600 -9.762000
-1.531500 -0.055100 -9.769900
-1.544700 -0.018100 -9.778700
-1.563500 0.016500 -9.788200
-1.587400 0.047700 -9.798400

/group/lt_crtd_FINAL/51
51
num_smooth_modes 6 center_x 0.0 center_y 0.0 center_x_in_pixels 0 pathId 400 center_y_in_pixels 0 creation_method threshold shifted_origin {12.4536 -12.4976 16.4906} creation_type threshold threshold_value 325 pos {-14.317045 12.480750 -25.336995} xhat {0.000000 0.981695 -0.190458} nrm {-0.207601 0.186309 0.960308} posId 51
-1.720000 -0.106600 -8.798000
-1.707500 -0.068500 -8.802600
-1.700400 -0.029400 -8.808700
-1.699100 0.010000 -8.816100
-1.703900 0.048600 -8.824600
-1.714900 0.085500 -8.834100
-1.732100 0.119800 -8.844500
-1.755100 0.150900 -8.855500
-1.783000 0.177900 -8.866800
-1.815000 0.200300 -8.878100
-1.849900 0.217500 -8.888900
-1.886900 0.228800 -8.899100
-1.925000 0.233800 -8.908300
-1.963600 0.232300 -8.916400
-2.002000 0.224300 -8.923100
-2.039400 0.210000 -8.928500
-2.074800 0.190200 -8.932300
-2.107000 0.165600 -8.934400
-2.135000 0.136800 -8.934900
-2.157900 0.104500 -8.933600
-2.175300 0.069300 -8.930500
-2.186900 0.031800 -8.925800
-2.192800 -0.007400 -8.919400
-2.193100 -0.047200 -8.911800
-2.187700 -0.086600 -8.903000
-2.176800 -0.124300 -8.893300
-2.160300 -0.159200 -8.882900
-2.138300 -0.190400 -8.872200
-2.111300 -0.217000 -8.861100
-2.079800 -0.238800 -8.850100
-2.044800 -0.255300 -8.839400
-2.007300 -0.266300 -8.829100
-1.968300 -0.271400 -8.819700
-1.928900 -0.270500 -8.811300
-1.890200 -0.263300 -8.804400
-1.853100 -0.249800 -8.799000
-1.818500 -0.230300 -8.795300
-1.787300 -0.205500 -8.793300
-1.760200 -0.176000 -8.793200
-1.737700 -0.142800 -8.794800

/group/lt_crtd_FINAL/58
58
num_smooth_modes 6 center_x 0.0 center_y 0.0 center_x_in_pixels 0 pathId 400 center_y_in_pixels 0 creation_method threshold shifted_origin {12.4536 -12.4976 16.4906} creation_type threshold threshold_value 325 pos {-14.523925 12.667243 -24.350880} xhat {0.000000 0.985332 -0.170648} nrm {-0.192754 0.167448 0.966854} posId 58
-1.862900 0.224600 -7.828400
-1.876300 0.265400 -7.838200
-1.896200 0.302700 -7.848600
-1.922400 0.335400 -7.859500
-1.954500 0.362400 -7.870600
-1.991600 0.382900 -7.881500
-2.032300 0.396200 -7.891900
-2.075000 0.401800 -7.901400
-2.118000 0.399600 -7.909600
-2.159900 0.389600 -7.916200
-2.199500 0.372500 -7.921200
-2.235900 0.348900 -7.924300
-2.268500 0.319600 -7.925800
-2.296300 0.285500 -7.925400
-2.318400 0.247600 -7.923200
-2.333700 0.206800 -7.919200
-2.341700 0.164200 -7.913400
-2.342000 0.121200 -7.906100
-2.334800 0.079100 -7.897300
-2.320300 0.039100 -7.887500
-2.299200 0.002300 -7.876900
-2.272200 -0.030400 -7.865900
-2.239900 -0.057900 -7.854700
-2.203200 -0.079300 -7.843700
-2.163100 -0.093500 -7.833200
-2.121100 -0.099900 -7.823700
-2.078500 -0.097900 -7.815600
-2.036700 -0.087800 -7.809000
-1.996800 -0.070200 -7.804100
-1.960000 -0.046100 -7.800900
-1.927400 -0.016500 -7.799600
-1.900000 0.017500 -7.800000
-1.878600 0.055200 -7.802300
-1.864100 0.095800 -7.806400
-1.856600 0.138400 -7.812300
-1.856300 0.181800 -7.819700

/group/lt_crtd_FINAL/66
66
num_smooth_modes 6 center_x 0.0 center_y 0.0 center_x_in_pixels 0 pathId 400 center_y_in_pixels 0 creation_method threshold shifted_origin {12.4536 -12.4976 16.4906} creation_type threshold threshold_value 325 pos {-14.723378 12.814438 -23.246660} xhat {0.000000 0.996087 -0.088379} nrm {-0.157764 0.087272 0.983613} posId 66
-1.974800 0.271600 -6.704700
-1.985000 0.234800 -6.703100
-2.000700 0.200400 -6.702600
-2.022000 0.169000 -6.703200
-2.048400 0.140900 -6.704900
-2.079100 0.116500 -6.707700
-2.113200 0.096100 -6.711400
-2.149400 0.080200 -6.715800
-2.186600 0.069300 -6.720800
-2.224100 0.063900 -6.726300
-2.261200 0.064400 -6.732300
-2.297900 0.070500 -6.738700
-2.333900 0.082200 -6.745500
-2.368900 0.098700 -6.752600
-2.402200 0.119600 -6.759800
-2.432600 0.144400 -6.766900
-2.458900 0.172500 -6.773600
-2.479900 0.203700 -6.779700
-2.494800 0.237600 -6.785100
-2.503300 0.273800 -6.789700
-2.505500 0.311700 -6.793400
-2.502200 0.350500 -6.796300
-2.494100 0.389200 -6.798500
-2.481800 0.426900 -6.799800
-2.465600 0.462600 -6.800400
-2.445500 0.495800 -6.800100
-2.421400 0.525600 -6.798900
-2.393500 0.551600 -6.796700
-2.361800 0.573100 -6.793600
-2.327000 0.589700 -6.789500
-2.290000 0.600800 -6.784500
-2.251700 0.606000 -6.778800
-2.213100 0.605300 -6.772600
-2.175300 0.598700 -6.765900
-2.138900 0.586700 -6.759000
-2.104700 0.569600 -6.752000
-2.073300 0.548200 -6.745100
-2.045300 0.522700 -6.738300
-2.021200 0.493600 -6.731900
-2.001400 0.461100 -6.725800
-1.986200 0.425900 -6.720200
-1.975800 0.388300 -6.715300
-1.970400 0.349400 -6.710900
-1.970000 0.310200 -6.707400

/group/lt_crtd_FINAL/71
71
num_smooth_modes 6 center_x 0.0 center_y 0.0 center_x_in_pixels 0 pathId 400 center_y_in_pixels 0 creation_method threshold shifted_origin {12.4536 -12.4976 16.4906} creation_type threshold threshold_value 325 pos {-14.827628 12.858070 -22.543712} xhat {0.000000 0.999395 -0.034790} nrm {-0.134595 0.034473 0.990301} posId 71
-2.132000 0.623700 -6.029400
-2.164300 0.643900 -6.034500
-2.199200 0.659600 -6.039800
-2.235900 0.670800 -6.045100
-2.273700 0.677100 -6.050500
-2.311900 0.678200 -6.055700
-2.349700 0.674100 -6.060700
-2.386600 0.664600 -6.065400
-2.421800 0.649700 -6.069700
-2.454800 0.629600 -6.073500
-2.484700 0.604900 -6.076700
-2.510800 0.576200 -6.079200
-2.532400 0.544200 -6.081000
-2.548900 0.509600 -6.082100
-2.560000 0.473200 -6.082300
-2.565700 0.435500 -6.081800
-2.566100 0.397000 -6.080500
-2.561700 0.358300 -6.078500
-2.552600 0.320300 -6.076000
-2.539100 0.283900 -6.072900
-2.521200 0.249900 -6.069300
-2.498700 0.219400 -6.065100
-2.471900 0.193100 -6.060600
-2.441000 0.171500 -6.055600
-2.406600 0.154900 -6.050400
-2.369800 0.143100 -6.045000
-2.331500 0.136200 -6.039500
-2.292800 0.134000 -6.034200
-2.254600 0.136400 -6.029100
-2.217400 0.143600 -6.024300
-2.181600 0.155600 -6.019800
-2.147700 0.172400 -6.015800
-2.115900 0.194000 -6.012200
-2.087000 0.219900 -6.009200
-2.061700 0.249600 -6.006800
-2.040900 0.282600 -6.005100
-2.025500 0.317900 -6.004300
-2.016000 0.355000 -6.004300
-2.012700 0.392900 -6.005100
-2.015400 0.431100 -6.006800
-2.023600 0.468800 -6.009300
-2.036900 0.505100 -6.012300
-2.054800 0.539400 -6.016000
-2.076800 0.571000 -6.020000
-2.102700 0.599300 -6.024500

/group/lt_crtd_FINAL/76
76
num_smooth_modes 6 center_x 0.0 center_y 0.0 center_x_in_pixels 0 pathId 400 center_y_in_pixels 0 creation_method threshold shifted_origin {12.4536 -12.4976 16.4906} creation_type threshold threshold_value 325 pos {-14.915944 12.865145 -21.832059} xhat {0.000000 0.999896 0.014396} nrm {-0.111135 -0.014307 0.993702} posId 76
-2.172200 0.681200 -5.304500
-2.204800 0.701500 -5.307800
-2.240000 0.716700 -5.311600
-2.277500 0.726900 -5.315600
-2.316300 0.732000 -5.319900
-2.355500 0.731900 -5.324300
-2.394200 0.726600 -5.328700
-2.431300 0.716000 -5.333000
-2.466100 0.700200 -5.337100
-2.498000 0.679500 -5.341000
-2.527000 0.654100 -5.344600
-2.552700 0.624800 -5.347900
-2.575000 0.592300 -5.350800
-2.593300 0.557200 -5.353400
-2.606700 0.520400 -5.355400
-2.614500 0.482600 -5.356800
-2.615800 0.444300 -5.357500
-2.610500 0.406500 -5.357500
-2.598600 0.369600 -5.356700
-2.580900 0.334600 -5.355200
-2.558300 0.302300 -5.353100
-2.531700 0.273200 -5.350600
-2.501900 0.248100 -5.347600
-2.469400 0.227400 -5.344300
-2.434700 0.211500 -5.340600
-2.397900 0.200500 -5.336700
-2.359700 0.194600 -5.332500
-2.320700 0.194200 -5.328100
-2.282000 0.199100 -5.323700
-2.244500 0.209600 -5.319400
-2.209200 0.225500 -5.315200
-2.176900 0.246300 -5.311300
-2.147900 0.271800 -5.307700
-2.122700 0.301200 -5.304400
-2.101300 0.333800 -5.301600
-2.084200 0.368900 -5.299100
-2.071800 0.405800 -5.297200
-2.064800 0.443900 -5.295900
-2.063600 0.482600 -5.295200
-2.068500 0.521100 -5.295200
-2.079300 0.558600 -5.295900
-2.095800 0.594200 -5.297200
-2.117200 0.627100 -5.299100
-2.142800 0.656300 -5.301600

/group/lt_crtd_FINAL/79
79
num_smooth_modes 6 center_x 0.0 center_y 0.0 center_x_in_pixels 0 pathId 400 center_y_in_pixels 0 creation_method threshold shifted_origin {12.4536 -12.4976 16.4906} creation_type threshold threshold_value 325 pos {-14.961154 12.853525 -21.400808} xhat {0.000000 0.999209 0.039756} nrm {-0.096830 -0.039570 0.994514} posId 79
-2.107800 0.451800 -4.867500
-2.116400 0.413200 -4.869800
-2.130300 0.376600 -4.872700
-2.149400 0.342700 -4.875900
-2.173400 0.312200 -4.879400
-2.201800 0.285500 -4.883200
-2.233900 0.263000 -4.887300
-2.268800 0.244700 -4.891400
-2.305700 0.231200 -4.895500
-2.343900 0.222700 -4.899600
-2.382800 0.219400 -4.903500
-2.421700 0.221700 -4.907200
-2.460100 0.229700 -4.910600
-2.497000 0.243200 -4.913700
-2.531500 0.262200 -4.916300
-2.562500 0.286300 -4.918300
-2.589100 0.315000 -4.919800
-2.610500 0.347700 -4.920600
-2.626500 0.383500 -4.920700
-2.636800 0.421600 -4.920200
-2.641400 0.461000 -4.919100
-2.640500 0.500600 -4.917400
-2.634100 0.539300 -4.915200
-2.622400 0.576500 -4.912600
-2.605400 0.611300 -4.909600
-2.583400 0.643400 -4.906200
-2.556900 0.672300 -4.902400
-2.526600 0.697800 -4.898500
-2.493300 0.719200 -4.894400
-2.457800 0.736100 -4.890200
-2.420700 0.748000 -4.886200
-2.382600 0.754200 -4.882200
-2.344100 0.754400 -4.878400
-2.305600 0.748600 -4.874900
-2.267900 0.736800 -4.871700
-2.232000 0.719600 -4.868900
-2.199000 0.697400 -4.866600
-2.170000 0.670700 -4.864800
-2.145800 0.640200 -4.863700
-2.127000 0.606300 -4.863200
-2.113900 0.569600 -4.863400
-2.106400 0.531100 -4.864200
-2.104400 0.491500 -4.865600

/group/lt_crtd_FINAL/83
83
num_smooth_modes 6 center_x 0.0 center_y 0.0 center_x_in_pixels 0 pathId 400 center_y_in_pixels 0 creation_method threshold shifted_origin {12.4536 -12.4976 16.4906} creation_type threshold threshold_value 325 pos {-15.012198 12.821950 -20.820440} xhat {0.000000 0.997661 0.068353} nrm {-0.077787 -0.068146 0.994638} posId 83
-2.265300 0.213000 -4.314500
-2.296900 0.189100 -4.318600
-2.331500 0.169300 -4.322700
-2.368400 0.154100 -4.326600
-2.406900 0.143800 -4.330300
-2.446200 0.138800 -4.333800
-2.485700 0.139200 -4.336800
-2.524800 0.144900 -4.339500
-2.562900 0.155900 -4.341700
-2.599300 0.171900 -4.343500
-2.633100 0.192800 -4.344700
-2.663300 0.218300 -4.345300
-2.689100 0.248000 -4.345300
-2.709800 0.281500 -4.344600
-2.725000 0.318000 -4.343300
-2.734800 0.356800 -4.341400
-2.739200 0.396900 -4.339000
-2.738600 0.437200 -4.336200
-2.733300 0.476800 -4.333100
-2.723700 0.515000 -4.329700
-2.709800 0.551300 -4.326100
-2.691600 0.585400 -4.322400
-2.669500 0.617400 -4.318400
-2.643500 0.647300 -4.314400
-2.614200 0.674800 -4.310200
-2.582200 0.699900 -4.306000
-2.548100 0.721900 -4.301800
-2.512700 0.740300 -4.297800
-2.476100 0.754300 -4.293900
-2.438800 0.763300 -4.290400
-2.400700 0.766800 -4.287200
-2.362000 0.764600 -4.284300
-2.323000 0.756700 -4.281800
-2.284600 0.743300 -4.279700
-2.247900 0.724800 -4.278100
-2.214300 0.701500 -4.277100
-2.185400 0.674100 -4.276700
-2.162300 0.643100 -4.277000
-2.145800 0.608900 -4.278100
-2.135900 0.572200 -4.279800
-2.132300 0.533800 -4.282100
-2.133800 0.494200 -4.285000
-2.139600 0.454300 -4.288200
-2.148600 0.414800 -4.291600
-2.160400 0.376200 -4.295100
-2.174900 0.339100 -4.298800
-2.192200 0.303800 -4.302600
-2.212900 0.270800 -4.306500
-2.237200 0.240400 -4.310500

/group/lt_crtd_FINAL/86
86
num_smooth_modes 6 xhat {0.000000 0.996552 0.082972} nrm {-0.064743 -0.082798 0.994461} num_subsample_pts 43 creation_method hand_drawn pathId 400 pos {-15.043639 12.788563 -20.382294} creation_type threshold shifted_origin {12.4536 -12.4976 16.4906} posId 86 num_hand_picked_pts 16
-2.758200 0.588200 -3.877900
-2.801700 0.571100 -3.882100
-2.841100 0.545900 -3.886800
-2.874900 0.512600 -3.891800
-2.902000 0.472400 -3.896900
-2.921700 0.427500 -3.901900
-2.933700 0.380200 -3.906600
-2.938500 0.332300 -3.910900
-2.937000 0.285000 -3.914800
-2.929800 0.238500 -3.918200
-2.917400 0.192800 -3.921200
-2.899900 0.147900 -3.923800
-2.876900 0.104800 -3.925900
-2.848200 0.064800 -3.927300
-2.814000 0.029800 -3.928000
-2.775000 0.001400 -3.927800
-2.732000 -0.019500 -3.926800
-2.686400 -0.032800 -3.924900
-2.639200 -0.039400 -3.922400
-2.591300 -0.040300 -3.919300
-2.543100 -0.036000 -3.915900
-2.495500 -0.026500 -3.912000
-2.449200 -0.011300 -3.907700
-2.405900 0.010300 -3.903100
-2.367200 0.038900 -3.898200
-2.335000 0.074000 -3.893200
-2.310700 0.114600 -3.888200
-2.295000 0.159100 -3.883500
-2.287500 0.205900 -3.879100
-2.287200 0.253600 -3.875100
-2.292800 0.301600 -3.871500
-2.303500 0.349200 -3.868200
-2.318600 0.395700 -3.865300
-2.338500 0.440300 -3.862900
-2.363500 0.481400 -3.861100
-2.394200 0.517400 -3.860100
-2.430600 0.547100 -3.860000
-2.472000 0.569700 -3.860800
-2.517400 0.585700 -3.862400
-2.565400 0.595800 -3.864700
-2.614500 0.601100 -3.867500
-2.663600 0.601900 -3.870600
-2.711800 0.598000 -3.874100

/group/lt_crtd_FINAL/88
88
num_smooth_modes 6 xhat {0.000000 0.996025 0.089077} nrm {-0.056749 -0.088933 0.994420} num_subsample_pts 40 creation_method hand_drawn pathId 400 pos {-15.061516 12.763334 -20.090392} creation_type threshold shifted_origin {12.4536 -12.4976 16.4906} posId 88 num_hand_picked_pts 18
-2.423200 0.364300 -3.580400
-2.454200 0.400900 -3.578900
-2.488700 0.433400 -3.578000
-2.526100 0.460800 -3.577700
-2.566400 0.482100 -3.578100
-2.609900 0.496400 -3.579300
-2.656100 0.503300 -3.581300
-2.704000 0.502600 -3.584100
-2.751600 0.494100 -3.587600
-2.796800 0.478100 -3.591600
-2.837100 0.454700 -3.596000
-2.871100 0.424400 -3.600600
-2.898000 0.387900 -3.605400
-2.918100 0.346300 -3.610300
-2.932000 0.301100 -3.615100
-2.940500 0.253900 -3.619800
-2.943900 0.206100 -3.624300
-2.942100 0.158900 -3.628400
-2.934600 0.113000 -3.632100
-2.920900 0.068800 -3.635300
-2.900500 0.027100 -3.637800
-2.873400 -0.011200 -3.639700
-2.840000 -0.044900 -3.640800
-2.801200 -0.072300 -3.641100
-2.758200 -0.092400 -3.640400
-2.712400 -0.104100 -3.638800
-2.665400 -0.107500 -3.636500
-2.618700 -0.102700 -3.633400
-2.573500 -0.090700 -3.629700
-2.530800 -0.072000 -3.625600
-2.491200 -0.047400 -3.621100
-2.455300 -0.017200 -3.616400
-2.423800 0.018100 -3.611400
-2.397300 0.057700 -3.606400
-2.377000 0.100700 -3.601400
-2.363900 0.145900 -3.596600
-2.359300 0.191900 -3.592200
-2.363500 0.237600 -3.588400
-2.376300 0.282000 -3.585100
-2.396800 0.324400 -3.582500

/group/lt_crtd_FINAL/90
90
num_smooth_modes 6 center_x 0.0 center_y 0.0 center_x_in_pixels 0 pathId 400 center_y_in_pixels 0 creation_method threshold shifted_origin {12.4536 -12.4976 16.4906} creation_type threshold threshold_value 325 pos {-15.077051 12.736814 -19.799718} xhat {0.000000 0.995728 0.092332} nrm {-0.049235 -0.092220 0.994521} posId 90
-2.427500 0.045000 -3.317400
-2.442000 0.009200 -3.321500
-2.461600 -0.024300 -3.325500
-2.486200 -0.054700 -3.329600
-2.515300 -0.081400 -3.333500
-2.547900 -0.103800 -3.337200
-2.583300 -0.121400 -3.340600
-2.620300 -0.133300 -3.343500
-2.657900 -0.138800 -3.345900
-2.695400 -0.137100 -3.347600
-2.732200 -0.128300 -3.348600
-2.767900 -0.113000 -3.348900
-2.802200 -0.092300 -3.348700
-2.834400 -0.067700 -3.348000
-2.863700 -0.040300 -3.346900
-2.888900 -0.011000 -3.345500
-2.909200 0.020400 -3.343600
-2.923700 0.053900 -3.341200
-2.932500 0.090100 -3.338200
-2.935600 0.128900 -3.334800
-2.933700 0.169300 -3.331000
-2.927100 0.209900 -3.326900
-2.916100 0.248700 -3.322700
-2.900400 0.284000 -3.318700
-2.879700 0.314500 -3.314800
-2.853700 0.340100 -3.311200
-2.822400 0.360800 -3.307700
-2.786800 0.377400 -3.304400
-2.748000 0.390300 -3.301300
-2.707900 0.399300 -3.298500
-2.668100 0.403700 -3.296100
-2.630000 0.402600 -3.294300
-2.594200 0.395000 -3.293200
-2.561100 0.380700 -3.292900
-2.530500 0.359800 -3.293300
-2.502600 0.333400 -3.294400
-2.477400 0.302900 -3.296000
-2.455600 0.269300 -3.298000
-2.437800 0.233800 -3.300400
-2.424700 0.196900 -3.303200
-2.417000 0.159100 -3.306300
-2.414900 0.120800 -3.309800
-2.418400 0.082500 -3.313500

/group/lt_crtd_FINAL/92
92
num_smooth_modes 6 xhat {0.000000 0.995692 0.092726} nrm {-0.042136 -0.092643 0.994807} num_subsample_pts 30 creation_method hand_drawn pathId 400 pos {-15.090347 12.709935 -19.511190} creation_type threshold shifted_origin {12.4536 -12.4976 16.4906} posId 92 num_hand_picked_pts 14
-2.782800 0.263700 -3.022000
-2.823400 0.242900 -3.025700
-2.855700 0.211500 -3.029900
-2.879400 0.171200 -3.034700
-2.895300 0.125500 -3.039600
-2.903400 0.078200 -3.044400
-2.902600 0.031800 -3.048700
-2.891800 -0.013100 -3.052400
-2.871200 -0.055700 -3.055500
-2.842300 -0.094300 -3.057900
-2.807000 -0.126200 -3.059300
-2.766700 -0.149400 -3.059800
-2.722100 -0.163400 -3.059200
-2.674300 -0.168700 -3.057700
-2.625900 -0.165500 -3.055300
-2.580700 -0.152800 -3.052200
-2.541900 -0.129400 -3.048400
-2.510800 -0.095400 -3.043900
-2.487100 -0.053600 -3.039000
-2.470000 -0.007900 -3.034000
-2.460200 0.038300 -3.029300
-2.459500 0.083700 -3.025100
-2.469700 0.128200 -3.021300
-2.490500 0.171400 -3.018200
-2.519900 0.210500 -3.015800
-2.555500 0.242100 -3.014400
-2.595400 0.263800 -3.014000
-2.639500 0.275400 -3.014800
-2.687100 0.278800 -3.016500
-2.736100 0.275100 -3.019000

/group/lt_crtd_FINAL/96
96
num_smooth_modes 6 xhat {0.000000 0.996195 0.087152} nrm {-0.030120 -0.087112 0.995743} num_subsample_pts 29 creation_method hand_drawn pathId 400 pos {-15.110847 12.658391 -18.944718} creation_type threshold shifted_origin {12.4536 -12.4976 16.4906} posId 96 num_hand_picked_pts 14
-2.899000 0.023400 -2.473500
-2.902000 -0.023000 -2.477600
-2.894600 -0.069800 -2.481500
-2.878200 -0.114100 -2.484800
-2.853800 -0.153600 -2.487600
-2.822000 -0.187000 -2.489500
-2.783700 -0.213100 -2.490700
-2.740200 -0.231000 -2.490900
-2.693800 -0.239800 -2.490300
-2.646800 -0.238800 -2.488800
-2.601400 -0.227900 -2.486400
-2.560000 -0.207200 -2.483400
-2.524600 -0.177400 -2.479700
-2.497000 -0.139800 -2.475600
-2.478300 -0.096700 -2.471200
-2.469100 -0.050700 -2.466900
-2.469500 -0.004200 -2.462900
-2.479200 0.041000 -2.459200
-2.498200 0.083200 -2.456100
-2.526300 0.121100 -2.453600
-2.562100 0.152400 -2.452000
-2.603700 0.174800 -2.451300
-2.648600 0.186400 -2.451600
-2.694600 0.186900 -2.453000
-2.740200 0.177400 -2.455200
-2.784300 0.159700 -2.458100
-2.824900 0.135100 -2.461400
-2.859300 0.104000 -2.465200
-2.884700 0.066400 -2.469300

/group/lt_crtd_FINAL/100
100
num_smooth_modes 6 xhat {0.000000 0.997276 0.073755} nrm {-0.021541 -0.073738 0.997045} num_subsample_pts 26 creation_method hand_drawn pathId 400 pos {-15.124876 12.613960 -18.400704} creation_type threshold shifted_origin {12.4536 -12.4976 16.4906} posId 100 num_hand_picked_pts 14
-2.871200 -0.055500 -1.927100
-2.856600 -0.100100 -1.930100
-2.831400 -0.139500 -1.932500
-2.797200 -0.170200 -1.934000
-2.756300 -0.190700 -1.934600
-2.711000 -0.201100 -1.934400
-2.663500 -0.202300 -1.933500
-2.617100 -0.194200 -1.931900
-2.575500 -0.175300 -1.929600
-2.542100 -0.144900 -1.926600
-2.518800 -0.105000 -1.923200
-2.505000 -0.059700 -1.919500
-2.499300 -0.012900 -1.916000
-2.501300 0.033200 -1.912600
-2.512100 0.077800 -1.909500
-2.533500 0.118900 -1.906900
-2.565800 0.153000 -1.905100
-2.606600 0.176200 -1.904300
-2.652000 0.186200 -1.904500
-2.698000 0.183400 -1.905700
-2.741900 0.169300 -1.907700
-2.782100 0.146000 -1.910300
-2.817200 0.115000 -1.913400
-2.845600 0.077600 -1.916700
-2.865200 0.035600 -1.920300
-2.874000 -0.009400 -1.923800

/group/lt_crtd_FINAL/108
108
num_smooth_modes 6 center_x 0.0 center_y 0.0 center_x_in_pixels 0 pathId 400 center_y_in_pixels 0 creation_method threshold shifted_origin {12.4536 -12.4976 16.4906} creation_type threshold threshold_value 325 pos {-15.140955 12.562979 -17.413152} xhat {0.000000 0.999699 0.024524} nrm {-0.010932 -0.024522 0.999640} posId 108
-2.453100 0.211400 -0.916400
-2.477400 0.244000 -0.915900
-2.507600 0.270500 -0.915600
-2.542800 0.289200 -0.915500
-2.581500 0.299100 -0.915700
-2.621900 0.300300 -0.916100
-2.662200 0.294200 -0.916700
-2.701200 0.282000 -0.917400
-2.737500 0.264300 -0.918200
-2.769900 0.240800 -0.919200
-2.796500 0.211000 -0.920200
-2.815100 0.175400 -0.921300
-2.824600 0.135800 -0.922300
-2.825100 0.094900 -0.923300
-2.817500 0.055100 -0.924200
-2.803100 0.017800 -0.925000
-2.782600 -0.016500 -0.925600
-2.756100 -0.046900 -0.926100
-2.723800 -0.072000 -0.926300
-2.686800 -0.089300 -0.926300
-2.647200 -0.097300 -0.926100
-2.607200 -0.095200 -0.925600
-2.568800 -0.084200 -0.924900
-2.532800 -0.066000 -0.924100
-2.499800 -0.042100 -0.923100
-2.470700 -0.013600 -0.922100
-2.447000 0.019300 -0.921100
-2.430800 0.055900 -0.920000
-2.423400 0.095100 -0.918900
-2.425100 0.135300 -0.918000
-2.435300 0.174600 -0.917100

/group/lt_crtd_FINAL/116
116
num_smooth_modes 6 center_x 0.0 center_y 0.0 center_x_in_pixels 0 pathId 400 center_y_in_pixels 0 creation_method threshold shifted_origin {12.4536 -12.4976 16.4906} creation_type threshold threshold_value 325 pos {-15.146423 12.566591 -16.548350} xhat {0.000000 0.999347 -0.036125} nrm {-0.003355 0.036125 0.999342} posId 116
-2.456700 0.312200 -0.065800
-2.479900 0.343200 -0.066900
-2.509200 0.369200 -0.068000
-2.543000 0.389500 -0.068800
-2.579500 0.403400 -0.069500
-2.617000 0.409500 -0.069800
-2.654500 0.407200 -0.069800
-2.691400 0.396300 -0.069600
-2.726700 0.378000 -0.069000
-2.758800 0.354100 -0.068300
-2.785800 0.325900 -0.067300
-2.805900 0.294300 -0.066300
-2.818700 0.259200 -0.065000
-2.824500 0.221000 -0.063700
-2.823800 0.180900 -0.062200
-2.816700 0.141400 -0.060800
-2.802800 0.105400 -0.059400
-2.781300 0.075100 -0.058300
-2.752500 0.051300 -0.057300
-2.717800 0.033900 -0.056600
-2.679600 0.022200 -0.056000
-2.640200 0.016400 -0.055700
-2.601500 0.017200 -0.055600
-2.564600 0.025500 -0.055700
-2.530000 0.041500 -0.056200
-2.498700 0.064600 -0.056900
-2.472100 0.093400 -0.057900
-2.451400 0.126600 -0.059000
-2.437600 0.162900 -0.060300
-2.431200 0.201000 -0.061600
-2.432300 0.239700 -0.063000
-2.440800 0.277300 -0.064400

/group/lt_crtd_FINAL/124
124
num_smooth_modes 6 center_x 0.0 center_y 0.0 center_x_in_pixels 0 pathId 400 center_y_in_pixels 0 creation_method threshold shifted_origin {12.4536 -12.4976 16.4906} creation_type threshold threshold_value 350 pos {-15.153623 12.618491 -15.793883} xhat {0.000000 0.994368 -0.105983} nrm {-0.022551 0.105956 0.994115} posId 124
-2.504900 0.218400 0.690800
-2.512600 0.180900 0.694600
-2.528200 0.145900 0.698000
-2.551200 0.114800 0.700700
-2.580100 0.088900 0.702800
-2.613600 0.069100 0.704200
-2.650200 0.056100 0.704700
-2.688500 0.050900 0.704400
-2.726900 0.053800 0.703300
-2.763600 0.065000 0.701200
-2.797200 0.083800 0.698500
-2.826600 0.109200 0.695100
-2.850700 0.139700 0.691300
-2.868700 0.174000 0.687200
-2.879300 0.210700 0.683100
-2.881700 0.248800 0.679000
-2.875500 0.286700 0.675100
-2.861500 0.323000 0.671500
-2.841000 0.356400 0.668400
-2.815300 0.385500 0.665900
-2.785300 0.409300 0.664000
-2.751200 0.426900 0.662900
-2.713900 0.437100 0.662700
-2.674800 0.439100 0.663400
-2.636300 0.432400 0.665000
-2.600800 0.417000 0.667400
-2.570300 0.394000 0.670600
-2.545500 0.364900 0.674200
-2.526200 0.331500 0.678200
-2.512600 0.295000 0.682400
-2.505200 0.256900 0.686600

/group/lt_crtd_FINAL/132
132
num_smooth_modes 6 center_x 0.0 center_y 0.0 center_x_in_pixels 0 pathId 400 center_y_in_pixels 0 creation_method threshold shifted_origin {12.4536 -12.4976 16.4906} creation_type threshold threshold_value 350 pos {-15.183958 12.710783 -15.177202} xhat {0.000000 0.979317 -0.202330} nrm {-0.088545 0.201535 0.975471} posId 132
-2.997200 0.209400 1.290000
-3.016500 0.244200 1.281000
-3.025600 0.282100 1.272400
-3.024400 0.321500 1.264300
-3.013900 0.360500 1.257200
-2.995100 0.397100 1.251400
-2.969300 0.428800 1.247200
-2.937300 0.453800 1.244900
-2.900700 0.471300 1.244600
-2.861300 0.481600 1.246100
-2.820600 0.485000 1.249100
-2.779900 0.481400 1.253500
-2.740800 0.470100 1.259400
-2.705600 0.450300 1.266600
-2.677100 0.422600 1.275000
-2.657400 0.388400 1.283800
-2.647200 0.350200 1.292600
-2.645200 0.310000 1.301100
-2.650000 0.269500 1.309100
-2.661100 0.230500 1.316100
-2.679600 0.195100 1.321700
-2.706400 0.165700 1.325400
-2.741000 0.144100 1.326700
-2.780600 0.131000 1.325800
-2.821800 0.126100 1.323100
-2.862000 0.128600 1.318900
-2.900400 0.138400 1.313400
-2.936600 0.155300 1.306600
-2.969600 0.179200 1.298700

/group/lt_crtd_FINAL/139
139
num_smooth_modes 6 xhat {0.000000 0.942636 -0.333822} nrm {-0.191164 0.327665 0.925252} num_subsample_pts 22 creation_method hand_drawn pathId 400 pos {-15.240747 12.818419 -14.778135} creation_type threshold shifted_origin {12.4536 -12.4976 16.4906} posId 139 num_hand_picked_pts 10
-3.083400 0.345500 1.642500
-3.084000 0.302400 1.657600
-3.068800 0.263900 1.674400
-3.038600 0.236500 1.690400
-2.998300 0.221200 1.704100
-2.953600 0.213800 1.716000
-2.908300 0.212200 1.725900
-2.864600 0.219900 1.732200
-2.825200 0.241500 1.732700
-2.793800 0.275200 1.727200
-2.773500 0.315100 1.717300
-2.764900 0.356900 1.704300
-2.767800 0.399300 1.688700
-2.782500 0.439700 1.671300
-2.809000 0.472300 1.654300
-2.845700 0.492900 1.639400
-2.888900 0.501000 1.627600
-2.933900 0.497800 1.619500
-2.976700 0.483600 1.615700
-3.014500 0.458600 1.616700
-3.045900 0.425400 1.622000
-3.069600 0.387300 1.630600

/group/lt_crtd_FINAL/147
147
num_smooth_modes 6 xhat {0.000000 0.843332 -0.537392} nrm {-0.288491 0.514544 0.807476} num_subsample_pts 22 creation_method hand_drawn pathId 400 pos {-15.327010 12.964667 -14.466665} creation_type threshold shifted_origin {12.4536 -12.4976 16.4906} posId 147 num_hand_picked_pts 10
-3.158600 0.498600 1.902000
-3.173600 0.462300 1.919700
-3.176500 0.422200 1.944200
-3.172800 0.382100 1.971100
-3.161900 0.347200 1.997200
-3.137900 0.320900 2.022600
-3.100200 0.304400 2.046600
-3.056300 0.299400 2.065400
-3.013800 0.307000 2.075800
-2.973000 0.325800 2.078400
-2.932400 0.351700 2.076400
-2.896100 0.381800 2.070100
-2.872600 0.415900 2.056800
-2.866100 0.453900 2.035000
-2.874100 0.491900 2.007900
-2.893300 0.524500 1.980200
-2.922500 0.548800 1.954300
-2.959800 0.564600 1.930900
-3.001300 0.571700 1.911600
-3.044300 0.568200 1.898400
-3.087800 0.553500 1.892200
-3.128400 0.529400 1.893100

/group/lt_crtd_FINAL/153
153
num_smooth_modes 6 num_subsample_pts 21 pathId 400 creation_method hand_drawn creation_type threshold modified_as_spline 1 shifted_origin {12.4536 -12.4976 16.4906} pos {-15.385122 13.085002 -14.315838} xhat {0.000000 0.694367 -0.719621} nrm {-0.263530 0.694183 0.669822} posId 153 num_hand_picked_pts 12
-3.183900 0.622300 2.039500
-3.211800 0.589000 2.063000
-3.228300 0.554000 2.092700
-3.229200 0.519600 2.128000
-3.213900 0.490400 2.164300
-3.184800 0.469500 2.197500
-3.144000 0.460700 2.222600
-3.097200 0.464400 2.237200
-3.049700 0.474900 2.245000
-3.004200 0.491900 2.245400
-2.965800 0.513700 2.237800
-2.919500 0.550400 2.218100
-2.891500 0.584200 2.194000
-2.871400 0.626400 2.158200
-2.896500 0.671700 2.101400
-2.956100 0.688100 2.060900
-3.007100 0.690900 2.037900
-3.056300 0.684600 2.025100
-3.101400 0.670800 2.021700
-3.146200 0.650300 2.025200

/group/lt_crtd_FINAL/159
159
num_smooth_modes 6 num_subsample_pts 21 pathId 400 creation_method hand_drawn creation_type threshold modified_as_spline 1 shifted_origin {12.4536 -12.4976 16.4906} pos {-15.414453 13.209545 -14.224135} xhat {0.000000 0.466533 -0.884504} nrm {-0.060447 0.882886 0.465680} posId 159 num_hand_picked_pts 9
-3.176000 0.725400 2.212700
-3.177800 0.703400 2.254200
-3.163200 0.683300 2.294200
-3.134600 0.667400 2.328100
-3.096400 0.656700 2.353300
-3.056500 0.648500 2.374100
-3.007500 0.649000 2.379400
-2.962100 0.654200 2.375400
-2.912300 0.666200 2.359200
-2.875900 0.678100 2.341400
-2.839600 0.698500 2.307400
-2.806700 0.728300 2.255300
-2.822300 0.764200 2.185100
-2.875100 0.786800 2.135500
-2.924900 0.791800 2.119500
-2.989200 0.789500 2.115400
-3.039900 0.784600 2.118100
-3.084400 0.776500 2.127800
-3.126600 0.764600 2.144800
-3.158700 0.746800 2.174400

/group/lt_crtd_FINAL/173
173
num_smooth_modes 6 xhat {0.000000 0.033391 0.999442} nrm {0.716228 0.697477 -0.023303} num_subsample_pts 21 creation_method hand_drawn pathId 400 pos {-15.285208 13.501697 -14.162491} creation_type threshold shifted_origin {12.4536 -12.4976 16.4906} posId 173 num_hand_picked_pts 10
-2.672600 0.841300 2.342600
-2.676800 0.844200 2.299600
-2.690800 0.857100 2.255600
-2.709500 0.875000 2.216400
-2.731800 0.896800 2.184800
-2.759300 0.924200 2.161200
-2.791000 0.956500 2.150100
-2.822300 0.988800 2.157800
-2.847900 1.016100 2.183900
-2.866200 1.036100 2.220800
-2.878200 1.049700 2.262600
-2.884400 1.057600 2.308400
-2.883300 1.058100 2.355500
-2.872200 1.048100 2.396500
-2.850100 1.026400 2.426500
-2.820100 0.996300 2.447700
-2.787900 0.963700 2.461600
-2.757600 0.932600 2.463200
-2.729500 0.903200 2.447600
-2.703200 0.875200 2.417900
-2.682200 0.852500 2.381900

/group/lt_crtd_FINAL/188
188
num_smooth_modes 6 xhat {0.000000 0.213805 0.976876} nrm {0.886896 0.451286 -0.098771} num_subsample_pts 21 creation_method hand_drawn pathId 400 pos {-14.823939 13.792781 -14.208658} creation_type threshold shifted_origin {12.4536 -12.4976 16.4906} posId 188 num_hand_picked_pts 9
-2.300100 1.153900 2.267400
-2.300400 1.144600 2.221500
-2.306400 1.146200 2.175400
-2.317400 1.158900 2.134300
-2.333600 1.183300 2.100900
-2.353900 1.217900 2.076900
-2.375500 1.257900 2.065200
-2.395100 1.297200 2.069000
-2.410800 1.332300 2.088400
-2.422900 1.363100 2.120000
-2.431900 1.389200 2.158900
-2.436500 1.407500 2.200700
-2.435000 1.413900 2.243800
-2.426600 1.406900 2.287600
-2.412300 1.387900 2.328600
-2.394300 1.359200 2.359700
-2.374300 1.323200 2.374500
-2.354000 1.282900 2.372600
-2.334700 1.242000 2.358800
-2.318100 1.204500 2.336900
-2.306000 1.174200 2.306800

/group/lt_crtd_FINAL/199
199
num_smooth_modes 6 xhat {0.000000 0.092774 0.995687} nrm {0.857627 0.512054 -0.047711} num_subsample_pts 21 creation_method hand_drawn pathId 400 pos {-14.430834 14.002652 -14.245086} creation_type threshold shifted_origin {12.4536 -12.4976 16.4906} posId 199 num_hand_picked_pts 10
-2.062900 1.641700 2.172400
-2.062900 1.646000 2.218400
-2.056300 1.639200 2.263400
-2.041600 1.618000 2.301300
-2.020200 1.584600 2.327000
-1.996700 1.546400 2.340000
-1.973500 1.507700 2.341900
-1.950300 1.468000 2.332400
-1.928900 1.430200 2.310800
-1.914400 1.402800 2.278000
-1.909300 1.390400 2.236800
-1.910500 1.388000 2.189800
-1.914200 1.389700 2.140800
-1.921900 1.398500 2.096400
-1.937400 1.421300 2.062800
-1.960200 1.457600 2.042400
-1.985200 1.498700 2.034200
-2.008500 1.538100 2.038600
-2.029000 1.574100 2.057300
-2.045800 1.605300 2.088800
-2.057300 1.628200 2.128600

/group/lt_crtd_FINAL/215
215
num_smooth_modes 6 xhat {0.000000 0.457283 -0.889321} nrm {0.598762 0.712282 0.366250} num_subsample_pts 22 creation_method hand_drawn pathId 400 pos {-14.055500 14.290492 -14.200134} creation_type threshold shifted_origin {12.4536 -12.4976 16.4906} posId 215 num_hand_picked_pts 10
-1.765300 1.905700 2.338300
-1.770500 1.887000 2.383000
-1.763000 1.861900 2.419700
-1.740800 1.831400 2.442700
-1.708300 1.798700 2.453000
-1.671600 1.767600 2.453600
-1.634000 1.740700 2.444600
-1.597100 1.720100 2.424300
-1.564700 1.708900 2.392900
-1.540900 1.709300 2.353300
-1.526100 1.719600 2.309200
-1.518000 1.735800 2.264300
-1.516700 1.756200 2.222600
-1.525800 1.781900 2.187400
-1.546800 1.813600 2.160300
-1.576100 1.847400 2.142200
-1.608800 1.877700 2.136800
-1.643200 1.900600 2.148500
-1.678200 1.915700 2.176300
-1.710200 1.923600 2.213200
-1.735200 1.924400 2.252500
-1.753000 1.918200 2.293700

/group/lt_crtd_FINAL/242
242
num_smooth_modes 6 xhat {0.000000 0.984044 -0.177926} nrm {0.267542 0.171440 0.948172} num_subsample_pts 24 creation_method hand_drawn pathId 400 pos {-13.851023 14.667014 -13.662699} creation_type threshold shifted_origin {12.4536 -12.4976 16.4906} posId 242 num_hand_picked_pts 13
-1.614500 2.186300 2.886100
-1.612700 2.141500 2.893700
-1.600500 2.096800 2.898300
-1.578600 2.054300 2.899800
-1.548300 2.018200 2.897800
-1.511300 1.991900 2.892100
-1.468900 1.976300 2.883000
-1.423400 1.971100 2.871100
-1.378700 1.977800 2.857300
-1.340600 1.998300 2.842800
-1.313300 2.031600 2.829100
-1.297000 2.073400 2.816900
-1.289300 2.118900 2.806500
-1.288600 2.165300 2.797900
-1.296700 2.211000 2.792000
-1.316400 2.252900 2.789900
-1.347700 2.286700 2.792700
-1.387500 2.310400 2.799600
-1.431500 2.324900 2.809400
-1.476400 2.330700 2.821000
-1.519300 2.325400 2.834100
-1.557100 2.305900 2.848300
-1.586600 2.272700 2.862600
-1.605900 2.230900 2.875600

/group/lt_crtd_FINAL/249
249
num_smooth_modes 6 xhat {0.000000 0.999413 0.034264} nrm {0.290984 -0.032781 0.956166} num_subsample_pts 24 creation_method hand_drawn pathId 400 pos {-13.797032 14.676807 -13.475772} creation_type threshold shifted_origin {12.4536 -12.4976 16.4906} posId 249 num_hand_picked_pts 14
-1.567300 2.198900 3.083600
-1.572500 2.153400 3.083700
-1.568800 2.107700 3.081000
-1.555600 2.063000 3.075400
-1.531300 2.024300 3.066700
-1.496700 1.997300 3.055200
-1.455100 1.983600 3.042100
-1.410400 1.980100 3.028400
-1.365800 1.984200 3.014900
-1.323900 1.997900 3.002700
-1.288500 2.024400 2.992800
-1.263400 2.062900 2.986500
-1.250000 2.107600 2.983900
-1.246500 2.153400 2.984500
-1.251000 2.199000 2.987400
-1.263700 2.243700 2.992800
-1.286600 2.283300 3.001100
-1.320100 2.311800 3.012300
-1.361300 2.326700 3.025300
-1.405800 2.330100 3.039000
-1.450200 2.324400 3.052300
-1.491600 2.308900 3.064400
-1.526700 2.281200 3.074100
-1.552400 2.242900 3.080600

/group/lt_crtd_FINAL/257
257
num_smooth_modes 6 center_x 0.0 center_y 0.0 center_x_in_pixels 0 pathId 400 center_y_in_pixels 0 creation_method threshold shifted_origin {12.4536 -12.4976 16.4906} creation_type threshold threshold_value 400 pos {-13.719238 14.692076 -13.266944} xhat {0.000000 0.956343 -0.292247} nrm {0.411004 0.266422 0.871834} posId 257
-1.177300 2.136600 3.199700
-1.170200 2.172100 3.185500
-1.171400 2.209400 3.174700
-1.180700 2.246300 3.167800
-1.197400 2.281200 3.165000
-1.220100 2.312900 3.166000
-1.247600 2.340300 3.170600
-1.278800 2.361800 3.178700
-1.312700 2.375900 3.190400
-1.348000 2.381300 3.205400
-1.383000 2.378100 3.222800
-1.415500 2.367200 3.241600
-1.444100 2.349200 3.260500
-1.467200 2.324600 3.278900
-1.483400 2.293800 3.296000
-1.491500 2.258300 3.310600
-1.490400 2.220800 3.321600
-1.480000 2.184100 3.327900
-1.461700 2.150400 3.329600
-1.437400 2.120200 3.327400
-1.409200 2.093500 3.322200
-1.377900 2.071200 3.314300
-1.344400 2.055000 3.303400
-1.309400 2.047100 3.289300
-1.274600 2.048700 3.272400
-1.242100 2.059600 3.253800
-1.214100 2.078800 3.234700
-1.192200 2.105000 3.216400

/group/lt_crtd_FINAL/261
261
num_smooth_modes 6 xhat {0.000000 0.793753 -0.608241} nrm {0.415470 0.553260 0.722003} num_subsample_pts 24 creation_method hand_drawn pathId 400 pos {-13.670497 14.738600 -13.173223} creation_type threshold shifted_origin {12.4536 -12.4976 16.4906} posId 261 num_hand_picked_pts 13
-1.441400 2.326300 3.381200
-1.441700 2.288300 3.410500
-1.433200 2.249100 3.435700
-1.413200 2.212500 3.452200
-1.381200 2.180700 3.458100
-1.341500 2.154800 3.455200
-1.300000 2.134600 3.446700
-1.258800 2.120200 3.434000
-1.217000 2.112500 3.415900
-1.176400 2.114100 3.391300
-1.143800 2.127900 3.362000
-1.125500 2.154300 3.331200
-1.120900 2.189700 3.301500
-1.124900 2.228600 3.273900
-1.134400 2.267300 3.249700
-1.151800 2.304500 3.231300
-1.180200 2.339500 3.220800
-1.217500 2.369600 3.219100
-1.258300 2.391400 3.226000
-1.299100 2.402800 3.240700
-1.339500 2.404400 3.262700
-1.378200 2.397700 3.290100
-1.410500 2.382800 3.320100
-1.431700 2.358900 3.350700

/group/lt_crtd_FINAL/269
269
num_smooth_modes 6 xhat {0.000000 0.037284 -0.999305} nrm {0.095396 0.994747 0.037114} num_subsample_pts 24 creation_method hand_drawn pathId 400 pos {-13.603135 14.936620 -13.081047} creation_type threshold shifted_origin {12.4536 -12.4976 16.4906} posId 269 num_hand_picked_pts 12
-1.371800 2.459900 3.422100
-1.363700 2.457400 3.468100
-1.345000 2.454000 3.511300
-1.315800 2.449800 3.548700
-1.278100 2.445100 3.576100
-1.234400 2.440300 3.592300
-1.187700 2.435600 3.599200
-1.140000 2.431100 3.597800
-1.094800 2.427200 3.585100
-1.057200 2.424600 3.557800
-1.031900 2.423700 3.517600
-1.020000 2.424300 3.471300
-1.018800 2.425900 3.424700
-1.025800 2.428300 3.378700
-1.041000 2.431500 3.333200
-1.066300 2.435400 3.292500
-1.102100 2.439900 3.263600
-1.145800 2.444600 3.249600
-1.193500 2.449300 3.247500
-1.241400 2.453700 3.252900
-1.286500 2.457500 3.266300
-1.325000 2.460300 3.291500
-1.353100 2.461500 3.329200
-1.368600 2.461300 3.374800

/group/lt_crtd_FINAL/274
274
num_smooth_modes 6 num_subsample_pts 23 pathId 400 creation_method hand_drawn modified_as_spline 1 creation_type threshold shifted_origin {12.4536 -12.4976 16.4906} pos {-13.607903 15.110946 -13.094380} xhat {0.000000 0.152143 0.988358} nrm {-0.152489 0.976800 -0.150364} posId 274 num_hand_picked_pts 11
-0.995300 2.651900 3.482800
-0.978000 2.646000 3.427200
-0.979700 2.637400 3.373000
-0.991800 2.627900 3.323500
-1.020000 2.616200 3.276000
-1.059900 2.604900 3.243300
-1.112000 2.594000 3.225600
-1.159200 2.585500 3.217900
-1.221700 2.577900 3.231800
-1.283300 2.573800 3.267700
-1.310200 2.577900 3.321500
-1.316600 2.584800 3.372800
-1.311400 2.593300 3.422800
-1.293600 2.604200 3.475500
-1.264200 2.615300 3.517600
-1.230100 2.625800 3.551400
-1.177700 2.637200 3.572300
-1.119600 2.646900 3.576600
-1.067100 2.652100 3.557100
-1.026100 2.653400 3.524100

/group/lt_crtd_FINAL/280
280
num_smooth_modes 6 xhat {0.000000 0.192371 0.981322} nrm {-0.420651 0.890278 -0.174523} num_subsample_pts 24 creation_method hand_drawn pathId 400 pos {-13.673536 15.311888 -13.130535} creation_type threshold shifted_origin {12.4536 -12.4976 16.4906} posId 280 num_hand_picked_pts 12
-1.238300 2.824200 3.455000
-1.200100 2.844800 3.468200
-1.159200 2.864000 3.467300
-1.117800 2.881300 3.455800
-1.077700 2.896400 3.436200
-1.041900 2.907900 3.408600
-1.014800 2.913700 3.372500
-0.999600 2.912500 3.330000
-0.996400 2.905100 3.284400
-1.003100 2.893000 3.239000
-1.018100 2.877600 3.196600
-1.041800 2.859600 3.161500
-1.074500 2.839400 3.137800
-1.114400 2.818400 3.126800
-1.157700 2.797800 3.126100
-1.200500 2.779000 3.133200
-1.240400 2.763300 3.149100
-1.274800 2.752500 3.176800
-1.300500 2.748000 3.216000
-1.315200 2.750000 3.261800
-1.318500 2.757500 3.307700
-1.311600 2.769200 3.351000
-1.295700 2.784700 3.391700
-1.271000 2.803500 3.428000

/group/lt_crtd_FINAL/289
289
num_smooth_modes 6 num_subsample_pts 23 pathId 400 creation_method hand_drawn modified_as_spline 1 creation_type threshold shifted_origin {12.4536 -12.4976 16.4906} pos {-13.804885 15.638161 -13.196420} xhat {0.000000 0.170225 0.985405} nrm {-0.222912 0.960611 -0.165942} posId 289 num_hand_picked_pts 12
-1.149500 3.187700 3.295700
-1.121900 3.186300 3.250200
-1.113200 3.179300 3.198000
-1.121100 3.168500 3.146400
-1.142200 3.155400 3.099000
-1.172500 3.141200 3.057200
-1.211500 3.126300 3.023400
-1.259800 3.112000 3.006000
-1.311700 3.100800 3.010700
-1.361100 3.092600 3.029700
-1.404200 3.087400 3.057200
-1.433500 3.088900 3.105700
-1.446200 3.094500 3.155200
-1.440600 3.104900 3.207300
-1.419500 3.117900 3.254700
-1.386100 3.132500 3.293900
-1.344000 3.147300 3.323400
-1.295600 3.161500 3.340100
-1.243700 3.173700 3.341000
-1.193100 3.182900 3.326300

/group/lt_crtd_FINAL/294
294
num_smooth_modes 6 num_subsample_pts 22 pathId 400 creation_method hand_drawn modified_as_spline 1 creation_type threshold shifted_origin {12.4536 -12.4976 16.4906} pos {-13.823433 15.843334 -13.210169} nrm {0.098241 0.989497 0.106044} xhat {0.000000 0.106560 -0.994306} num_hand_picked_pts 12 posId 294
-1.453300 3.362900 3.193700
-1.446500 3.356600 3.246800
-1.428000 3.349900 3.291900
-1.398300 3.342700 3.331800
-1.359200 3.335500 3.362500
-1.312300 3.329100 3.379000
-1.262400 3.324100 3.378800
-1.214600 3.321100 3.363100
-1.175300 3.320600 3.331900
-1.150300 3.322800 3.288200
-1.139400 3.327000 3.239000
-1.139300 3.332400 3.188700
-1.151000 3.338800 3.140000
-1.177100 3.345900 3.097800
-1.214000 3.353000 3.066000
-1.263800 3.359700 3.049300
-1.315800 3.364700 3.050400
-1.363700 3.367700 3.066700
-1.409900 3.368900 3.097800
-1.439300 3.367600 3.137600

/group/lt_crtd_FINAL/301
301
num_smooth_modes 6 creation_method hand_drawn num_subsample_pts 22 nrm {0.589523 0.327741 0.738274} xhat {0.000000 0.913986 -0.405745} creation_type threshold pos {-13.711888 16.035563 -13.081708} pathId 400 shifted_origin {12.4536 -12.4976 16.4906} num_hand_picked_pts 12 posId 301
-1.323200 3.575900 3.443900
-1.317800 3.532400 3.458900
-1.304000 3.489600 3.466900
-1.280600 3.450700 3.465400
-1.249000 3.419800 3.454000
-1.213300 3.399000 3.434700
-1.176200 3.387900 3.410000
-1.139500 3.386200 3.381500
-1.107400 3.396700 3.351100
-1.085300 3.422100 3.322200
-1.075400 3.459900 3.297500
-1.074500 3.502800 3.277700
-1.079100 3.545300 3.262600
-1.090900 3.587000 3.253500
-1.112900 3.627500 3.253100
-1.144100 3.661800 3.262700
-1.179300 3.683600 3.281200
-1.214800 3.691100 3.306200
-1.249700 3.686900 3.335900
-1.281900 3.673400 3.367600
-1.306600 3.650000 3.397800
-1.320200 3.616600 3.423400

/group/lt_crtd_FINAL/305
305
num_smooth_modes 6 creation_method hand_drawn num_subsample_pts 22 nrm {0.532947 -0.098917 0.840347} xhat {0.000000 0.993143 0.116902} creation_type threshold pos {-13.606515 16.056426 -12.935575} pathId 400 shifted_origin {12.4536 -12.4976 16.4906} num_hand_picked_pts 11 posId 305
-1.203600 3.642800 3.597100
-1.219200 3.597500 3.601600
-1.225300 3.551400 3.600000
-1.220300 3.506300 3.591600
-1.203000 3.465200 3.575800
-1.174200 3.434800 3.553900
-1.137600 3.420000 3.529000
-1.098000 3.418500 3.503700
-1.058200 3.425100 3.479200
-1.019500 3.439500 3.456400
-0.985000 3.465500 3.437500
-0.959700 3.503500 3.426000
-0.947200 3.548000 3.423300
-0.946500 3.593900 3.428200
-0.954600 3.639400 3.438700
-0.970600 3.681800 3.453900
-0.995900 3.714500 3.473700
-1.030300 3.731700 3.497600
-1.070400 3.734500 3.523400
-1.110900 3.727400 3.548200
-1.148000 3.710900 3.569800
-1.179400 3.682500 3.586400

/group/lt_crtd_FINAL/315
315
num_smooth_modes 6 num_subsample_pts 20 pathId 400 creation_method hand_drawn modified_as_spline 1 creation_type threshold shifted_origin {12.4536 -12.4976 16.4906} pos {-13.450120 15.807816 -12.512715} nrm {0.102607 -0.637622 0.763485} xhat {0.000000 0.767536 0.641005} num_hand_picked_pts 12 posId 315
-1.079600 3.321900 3.998800
-1.078800 3.284900 3.967900
-1.056700 3.255500 3.940300
-1.020100 3.230200 3.914300
-0.981000 3.213600 3.895200
-0.935900 3.207800 3.884300
-0.889500 3.211800 3.881400
-0.844800 3.224500 3.886000
-0.806800 3.247500 3.900100
-0.782100 3.279400 3.923400
-0.774700 3.315300 3.952400
-0.783200 3.349900 3.982400
-0.802200 3.381400 4.011300
-0.830400 3.408000 4.037300
-0.869200 3.425000 4.056700
-0.914200 3.431000 4.067700
-0.959500 3.431100 4.074000
-1.009700 3.417200 4.069000
-1.046400 3.391200 4.052300
-1.069300 3.358700 4.028200

/group/lt_crtd_FINAL/327
327
num_smooth_modes 6 num_subsample_pts 22 pathId 400 creation_method hand_drawn modified_as_spline 1 creation_type threshold shifted_origin {12.4536 -12.4976 16.4906} pos {-13.511462 15.501384 -12.073338} nrm {-0.366814 -0.431846 0.823988} xhat {0.000000 0.885728 0.464204} num_hand_picked_pts 12 posId 327
-1.235200 3.018600 4.347000
-1.234100 2.977700 4.326100
-1.219100 2.937700 4.311800
-1.194300 2.901000 4.303600
-1.157000 2.866400 4.302100
-1.114800 2.848000 4.311200
-1.065500 2.837400 4.327600
-1.020800 2.844100 4.351000
-0.986500 2.868800 4.379200
-0.962000 2.904500 4.408800
-0.956600 2.950200 4.435200
-0.960400 2.995300 4.457100
-0.982300 3.039700 4.470700
-1.017400 3.078200 4.475200
-1.053000 3.104400 4.473100
-1.088800 3.116500 4.463500
-1.129200 3.123800 4.449300
-1.167800 3.116200 4.428200
-1.204700 3.092600 4.399400
-1.228000 3.060100 4.372000

/group/lt_crtd_FINAL/333
333
num_smooth_modes 6 center_x 0.0 center_y 0.0 center_x_in_pixels 0 pathId 400 center_y_in_pixels 0 creation_method threshold shifted_origin {12.4536 -12.4976 16.4906} modified_as_spline 1 creation_type threshold threshold_value 275 pos {-13.644218 15.397426 -11.855065} nrm {-0.607892 -0.322997 0.725355} xhat {0.000000 0.913523 0.406788} posId 333
-1.108100 2.779800 4.650800
-1.131300 2.756500 4.621000
-1.163500 2.741000 4.587100
-1.201600 2.735000 4.552400
-1.238100 2.747200 4.527300
-1.276100 2.776000 4.508300
-1.300400 2.808600 4.502400
-1.317700 2.853400 4.507900
-1.327100 2.898100 4.520000
-1.322200 2.937100 4.541500
-1.307300 2.970200 4.568700
-1.285100 2.996100 4.598700
-1.256600 3.014200 4.630700
-1.219000 3.015500 4.662800
-1.176900 3.001400 4.691800
-1.143300 2.975500 4.708500
-1.114300 2.937200 4.715600
-1.095500 2.899900 4.714800
-1.088200 2.857100 4.701900
-1.092500 2.815800 4.679800

/group/lt_crtd_FINAL/339
339
num_smooth_modes 6 center_x 0.0 center_y 0.0 center_x_in_pixels 0 pathId 400 center_y_in_pixels 0 creation_method threshold shifted_origin {12.4536 -12.4976 16.4906} creation_type threshold threshold_value 225 pos {-13.864146 15.319554 -11.682099} xhat {0.000000 0.903590 0.428399} nrm {-0.884068 -0.200216 0.422300} posId 339
-1.341500 2.722700 4.906000
-1.352300 2.701200 4.873300
-1.365900 2.687500 4.838100
-1.382200 2.683600 4.802200
-1.400500 2.691200 4.767500
-1.419300 2.710100 4.737200
-1.436500 2.738200 4.714400
-1.450800 2.772900 4.701100
-1.461000 2.811500 4.697900
-1.466300 2.850600 4.705400
-1.465700 2.886300 4.723500
-1.459600 2.915600 4.750200
-1.449000 2.937000 4.782500
-1.435000 2.949700 4.817900
-1.418300 2.952600 4.854300
-1.399800 2.944900 4.889200
-1.381200 2.926500 4.919500
-1.364100 2.898900 4.942200
-1.349700 2.864000 4.955800
-1.339200 2.825000 4.959400
-1.333900 2.786000 4.951900
-1.334900 2.751200 4.933300

/group/lt_crtd_FINAL/346
346
num_smooth_modes 6 center_x 0.0 center_y 0.0 center_x_in_pixels 0 pathId 400 center_y_in_pixels 0 creation_method threshold shifted_origin {12.4536 -12.4976 16.4906} creation_type threshold threshold_value 250 pos {-14.209304 15.284144 -11.588690} xhat {0.000000 0.977638 -0.210294} nrm {-0.992666 0.025422 0.118183} posId 346
-1.736800 2.771200 5.064000
-1.738500 2.735800 5.057600
-1.741800 2.707500 5.035500
-1.746100 2.687900 5.003400
-1.750700 2.675200 4.967700
-1.755200 2.668400 4.931200
-1.759600 2.669800 4.894600
-1.763500 2.681100 4.859300
-1.766700 2.701800 4.827600
-1.769000 2.729700 4.802300
-1.770000 2.763100 4.787300
-1.769200 2.799400 4.786000
-1.766800 2.834600 4.798700
-1.763300 2.865300 4.821200
-1.759300 2.889900 4.849100
-1.755100 2.907800 4.880800
-1.750600 2.916100 4.916800
-1.746300 2.911800 4.954200
-1.742700 2.895400 4.987900
-1.740000 2.871000 5.015200
-1.738100 2.841700 5.037600
-1.736900 2.808100 5.055400

/group/lt_crtd_FINAL/358
358
num_smooth_modes 8 xhat {0.000000 0.396237 0.918148} nrm {-0.970569 0.221111 -0.095423} num_subsample_pts 17 creation_method hand_drawn pathId 400 pos {-14.766359 15.399062 -11.601238} creation_type threshold shifted_origin {12.4536 -12.4976 16.4906} posId 358 num_hand_picked_pts 15
-2.289600 2.990900 4.861000
-2.288500 2.976300 4.815600
-2.290300 2.951400 4.776800
-2.297300 2.911400 4.754800
-2.307200 2.865700 4.750200
-2.318300 2.821600 4.760900
-2.329500 2.782900 4.784900
-2.339200 2.756200 4.821900
-2.345000 2.750300 4.867000
-2.347400 2.760000 4.913600
-2.346900 2.779900 4.955200
-2.342300 2.814100 4.987400
-2.334500 2.855900 5.005300
-2.323900 2.900400 5.000200
-2.312500 2.941700 4.979600
-2.302000 2.974600 4.949000
-2.293500 2.993500 4.906600

/group/lt_crtd_FINAL/368
368
num_smooth_modes 8 xhat {0.000000 0.345546 0.938402} nrm {-0.781304 0.585704 -0.215673} num_subsample_pts 17 creation_method hand_drawn pathId 400 pos {-15.149203 15.514303 -11.653928} creation_type threshold shifted_origin {12.4536 -12.4976 16.4906} posId 368 num_hand_picked_pts 13
-2.600900 3.126300 4.791300
-2.605000 3.106200 4.751500
-2.619000 3.076300 4.720900
-2.640400 3.041000 4.702700
-2.666700 3.004600 4.699100
-2.694700 2.972200 4.712500
-2.719500 2.950100 4.742400
-2.739000 2.938500 4.781700
-2.752100 2.936800 4.824500
-2.752500 2.951800 4.866400
-2.745400 2.975400 4.904900
-2.729700 3.006300 4.931900
-2.703800 3.043000 4.937800
-2.676000 3.077400 4.930400
-2.648000 3.107900 4.911800
-2.626100 3.124300 4.877200
-2.610200 3.129900 4.834600

