/group/lt_ext_crtd_FINAL/8
8
num_smooth_modes 6 num_subsample_pts 23 creation_method hand_drawn paste_pos {-14.822902 12.856848 -20.746058} creation_type threshold modified_as_spline 1 shifted_origin {12.4536 -12.4976 16.4906} paste_xhat {0.000000 0.926625 -0.375988} paste_nrm {0.124344 0.373070 0.919433} paste_posId 8 paste_pathId 450 num_hand_picked_pts 14
-2.192300 0.689900 -4.412900
-2.241500 0.727400 -4.421400
-2.306500 0.749800 -4.421700
-2.357900 0.757100 -4.417700
-2.407900 0.758800 -4.411700
-2.454200 0.742800 -4.398900
-2.502200 0.722200 -4.384100
-2.552700 0.679200 -4.359800
-2.615200 0.571100 -4.307500
-2.609000 0.458600 -4.262700
-2.581200 0.385300 -4.236700
-2.506400 0.294400 -4.209900
-2.420600 0.266700 -4.210300
-2.328400 0.279900 -4.228100
-2.244400 0.322900 -4.256900
-2.185500 0.386600 -4.290700
-2.154900 0.457000 -4.323400
-2.141600 0.525700 -4.353100
-2.141600 0.597500 -4.382200
-2.160500 0.651200 -4.401500

/group/lt_ext_crtd_FINAL/19
19
num_smooth_modes 6 num_subsample_pts 23 creation_method hand_drawn paste_pos {-14.791367 12.955144 -20.496060} creation_type threshold modified_as_spline 1 shifted_origin {12.4536 -12.4976 16.4906} paste_xhat {0.000000 0.934580 -0.355754} paste_nrm {0.108766 0.353643 0.929035} paste_posId 19 paste_pathId 450 num_hand_picked_pts 14
-2.168200 0.679700 -4.110000
-2.230800 0.723200 -4.119300
-2.303200 0.746000 -4.119500
-2.376800 0.755600 -4.114500
-2.441000 0.746200 -4.103400
-2.507800 0.707100 -4.080700
-2.557300 0.643100 -4.050500
-2.572000 0.585100 -4.026700
-2.579400 0.507400 -3.996300
-2.558300 0.447900 -3.976100
-2.521600 0.395600 -3.960500
-2.468000 0.357000 -3.952100
-2.415700 0.331600 -3.948500
-2.364800 0.321400 -3.950600
-2.306600 0.329300 -3.960400
-2.248400 0.361900 -3.979600
-2.193200 0.406000 -4.002900
-2.152000 0.474700 -4.033900
-2.138600 0.544600 -4.062100
-2.140900 0.606900 -4.085500

/group/lt_ext_crtd_FINAL/28
28
num_smooth_modes 8 creation_method hand_drawn num_subsample_pts 26 nrm {0.086758 0.325936 0.941403} xhat {0.000000 0.944966 -0.327170} creation_type threshold pos {-14.762035 13.056467 -20.218322} pathId 450 shifted_origin {12.4536 -12.4976 16.4906} num_hand_picked_pts 12 posId 28
-2.496600 0.758400 -3.779500
-2.520800 0.721000 -3.764300
-2.536700 0.681700 -3.749200
-2.542200 0.638900 -3.733900
-2.537400 0.594000 -3.718800
-2.523500 0.552400 -3.705700
-2.500300 0.515700 -3.695100
-2.467600 0.483000 -3.686800
-2.427700 0.458700 -3.682000
-2.384000 0.449300 -3.682800
-2.338800 0.453400 -3.688400
-2.293900 0.464300 -3.696300
-2.252100 0.480700 -3.705800
-2.217100 0.506700 -3.718100
-2.191700 0.542300 -3.732800
-2.176700 0.583400 -3.748300
-2.171100 0.626500 -3.763800
-2.174700 0.669900 -3.778500
-2.189300 0.711200 -3.791400
-2.215600 0.747900 -3.801700
-2.250700 0.778100 -3.808900
-2.290700 0.799900 -3.812800
-2.334700 0.812700 -3.813200
-2.381500 0.817000 -3.810400
-2.426700 0.810900 -3.804100
-2.465500 0.790800 -3.793500

/group/lt_ext_crtd_FINAL/41
41
num_smooth_modes 6 xhat {0.000000 0.972757 -0.231827} nrm {0.013118 0.231808 0.972673} num_subsample_pts 25 creation_method hand_drawn pathId 450 pos {-14.738184 13.176134 -19.822278} creation_type threshold shifted_origin {12.4536 -12.4976 16.4906} posId 41 num_hand_picked_pts 14
-2.479900 0.718000 -3.338500
-2.471400 0.673100 -3.327900
-2.451300 0.631400 -3.318200
-2.421100 0.597000 -3.310400
-2.383100 0.571800 -3.304900
-2.339700 0.555400 -3.301600
-2.293300 0.547600 -3.300300
-2.246700 0.550000 -3.301600
-2.203500 0.565000 -3.305700
-2.166900 0.592200 -3.312700
-2.138700 0.628400 -3.321700
-2.119600 0.669600 -3.331800
-2.110000 0.713900 -3.342500
-2.110900 0.759400 -3.353300
-2.123900 0.803100 -3.363500
-2.148900 0.840500 -3.372100
-2.184000 0.869000 -3.378400
-2.226000 0.888900 -3.382600
-2.271500 0.901100 -3.384900
-2.317700 0.904800 -3.385200
-2.362300 0.896800 -3.382600
-2.402600 0.875600 -3.377000
-2.436200 0.843400 -3.368900
-2.461300 0.804600 -3.359300
-2.476200 0.762400 -3.349100

/group/lt_ext_crtd_FINAL/60
60
num_smooth_modes 6 xhat {0.000000 0.998577 -0.053322} nrm {-0.152917 0.052695 0.986833} num_subsample_pts 24 creation_method hand_drawn pathId 450 pos {-14.765052 13.237335 -19.402863} creation_type threshold shifted_origin {12.4536 -12.4976 16.4906} posId 60 num_hand_picked_pts 15
-2.518100 0.763100 -2.945500
-2.514500 0.715600 -2.942400
-2.500100 0.671200 -2.937800
-2.474300 0.633000 -2.931800
-2.438400 0.602900 -2.924600
-2.395700 0.581800 -2.916900
-2.349800 0.570700 -2.909200
-2.303700 0.572200 -2.902100
-2.260700 0.588300 -2.896300
-2.224000 0.618300 -2.892200
-2.196400 0.657600 -2.890000
-2.178400 0.701400 -2.889600
-2.169700 0.747000 -2.890700
-2.171000 0.793900 -2.893400
-2.183900 0.840000 -2.897900
-2.209300 0.880300 -2.903900
-2.245000 0.909800 -2.911000
-2.287600 0.926700 -2.918500
-2.333700 0.932700 -2.926000
-2.381100 0.929200 -2.933200
-2.426400 0.915700 -2.939500
-2.465400 0.890500 -2.944200
-2.494200 0.854500 -2.946700
-2.511500 0.810600 -2.947100

/group/lt_ext_crtd_FINAL/95
95
num_smooth_modes 6 xhat {0.000000 0.987955 -0.154743} nrm {-0.321427 0.146531 0.935528} num_subsample_pts 24 creation_method hand_drawn pathId 450 pos {-14.895361 13.279650 -18.869142} creation_type threshold shifted_origin {12.4536 -12.4976 16.4906} posId 95 num_hand_picked_pts 15
-2.657500 0.742100 -2.446400
-2.647400 0.697900 -2.436000
-2.625900 0.658200 -2.422400
-2.594900 0.625500 -2.406600
-2.557100 0.601700 -2.389900
-2.515200 0.588000 -2.373400
-2.471400 0.586100 -2.358000
-2.428000 0.597500 -2.344900
-2.388200 0.621800 -2.335000
-2.355800 0.656400 -2.329300
-2.333700 0.697500 -2.328200
-2.322600 0.742200 -2.331400
-2.321600 0.789000 -2.338300
-2.329800 0.835500 -2.348500
-2.347700 0.877700 -2.361200
-2.375900 0.910900 -2.376100
-2.413500 0.932500 -2.392400
-2.457200 0.942600 -2.409000
-2.502800 0.942200 -2.424600
-2.546400 0.931100 -2.437800
-2.585500 0.908500 -2.447700
-2.618000 0.875100 -2.453700
-2.641900 0.833900 -2.455400
-2.655500 0.788400 -2.453000

/group/lt_ext_crtd_FINAL/121
121
num_smooth_modes 6 xhat {0.000000 0.992682 -0.120760} nrm {-0.488077 0.105399 0.866413} num_subsample_pts 24 creation_method hand_drawn pathId 450 pos {-15.101621 13.344472 -18.426555} creation_type threshold shifted_origin {12.4536 -12.4976 16.4906} posId 121 num_hand_picked_pts 14
-2.844300 0.803500 -2.041200
-2.837900 0.757400 -2.032000
-2.821500 0.715200 -2.017600
-2.795700 0.680700 -1.999000
-2.762500 0.656200 -1.977300
-2.724300 0.641600 -1.953900
-2.683600 0.637100 -1.930500
-2.643000 0.644300 -1.908500
-2.605300 0.664700 -1.889700
-2.573800 0.697200 -1.875900
-2.551000 0.737800 -1.868000
-2.538100 0.782800 -1.866200
-2.534900 0.829500 -1.870100
-2.541000 0.876000 -1.879200
-2.556500 0.918600 -1.893100
-2.581400 0.953400 -1.911400
-2.614600 0.978300 -1.933100
-2.653400 0.993000 -1.956700
-2.694600 0.997300 -1.980500
-2.735100 0.989600 -2.002400
-2.772100 0.968500 -2.020700
-2.803300 0.935500 -2.034200
-2.826500 0.894700 -2.042300
-2.840400 0.849900 -2.044700

