/group/lt_post_comm_FINAL/9
9
num_smooth_modes 6 num_subsample_pts 10 creation_method hand_drawn paste_pos {-13.529605 15.549777 -12.262307} creation_type threshold modified_as_spline 1 shifted_origin {12.4536 -12.4976 16.4906} paste_xhat {0.000000 0.155546 0.987829} paste_nrm {0.313637 -0.937986 0.147698} paste_posId 9 paste_pathId 800 num_hand_picked_pts 10
-1.106900 3.050500 4.282900
-1.100700 3.037700 4.188700
-1.043800 3.049900 4.145200
-0.977800 3.075700 4.168900
-0.961100 3.093800 4.248400
-1.021500 3.084800 4.319600

/group/lt_post_comm_FINAL/12
12
num_smooth_modes 6 num_subsample_pts 10 creation_method hand_drawn paste_pos {-13.490961 15.433093 -12.244209} creation_type threshold modified_as_spline 1 shifted_origin {12.4536 -12.4976 16.4906} paste_xhat {0.000000 0.150258 0.988647} paste_nrm {0.307588 -0.940717 0.142973} paste_posId 12 paste_pathId 800 num_hand_picked_pts 10
-1.071700 2.928300 4.274300
-1.080000 2.923200 4.258100
-1.085200 2.919200 4.243100
-1.083500 2.916700 4.222700
-1.073700 2.917100 4.204200
-1.057800 2.920100 4.190200
-1.041600 2.923700 4.178800
-1.022700 2.929200 4.174300
-1.002500 2.936400 4.177800
-0.987600 2.942300 4.184600
-0.974400 2.948400 4.196800
-0.966200 2.953600 4.213100
-0.963500 2.957700 4.234300
-0.967600 2.959200 4.253500
-0.975600 2.958900 4.268400
-0.990400 2.956300 4.283300
-1.006500 2.952400 4.292300
-1.021300 2.948100 4.296100
-1.041300 2.941200 4.293600
-1.057200 2.935000 4.287000

/group/lt_post_comm_FINAL/17
17
num_smooth_modes 6 num_subsample_pts 10 pathId 800 creation_method hand_drawn creation_type threshold modified_as_spline 1 shifted_origin {12.4536 -12.4976 16.4906} pos {-13.440198 15.272124 -12.221135} xhat {0.000000 0.128328 0.991732} nrm {0.282372 -0.951373 0.123106} posId 17 num_hand_picked_pts 10
-1.039000 2.760000 4.278400
-1.047000 2.755900 4.264800
-1.050900 2.752100 4.244800
-1.047900 2.750500 4.225000
-1.040700 2.750900 4.211900
-1.028200 2.752700 4.197200
-1.010900 2.756500 4.186700
-0.995500 2.760700 4.183900
-0.978600 2.765900 4.186000
-0.963200 2.771500 4.193500
-0.950200 2.776900 4.205300
-0.941400 2.781500 4.220900
-0.937400 2.784800 4.237200
-0.939400 2.786700 4.256400
-0.946000 2.786700 4.271400
-0.959500 2.784600 4.286100
-0.976600 2.780800 4.296100
-0.991400 2.777000 4.300400
-1.009400 2.771400 4.298400
-1.027000 2.765100 4.289800

/group/lt_post_comm_FINAL/37
37
num_smooth_modes 6 num_subsample_pts 9 pathId 800 creation_method hand_drawn modified_as_spline 1 creation_type threshold shifted_origin {12.4536 -12.4976 16.4906} pos {-13.354479 14.926212 -12.190698} xhat {0.000000 0.099187 0.995069} nrm {0.243098 -0.965219 0.096212} posId 37 num_hand_picked_pts 10
-0.958900 2.413800 4.297400
-0.955900 2.412700 4.279100
-0.947700 2.412900 4.260800
-0.935000 2.414900 4.248100
-0.918600 2.417900 4.237100
-0.902100 2.421700 4.233300
-0.883600 2.426400 4.233700
-0.866900 2.431200 4.240100
-0.852600 2.436200 4.253700
-0.844200 2.439900 4.269600
-0.841000 2.442600 4.288600
-0.842300 2.444100 4.307300
-0.849400 2.444000 4.323500
-0.860800 2.442600 4.338500
-0.877000 2.439600 4.349800
-0.895400 2.435300 4.352900
-0.912100 2.430900 4.351100
-0.928100 2.426300 4.344800
-0.943000 2.421200 4.331500
-0.953700 2.417000 4.316000

/group/lt_post_comm_FINAL/47
47
num_smooth_modes 6 num_subsample_pts 9 pathId 800 creation_method hand_drawn modified_as_spline 1 creation_type threshold shifted_origin {12.4536 -12.4976 16.4906} pos {-13.307445 14.749149 -12.165381} xhat {0.000000 0.201247 0.979540} nrm {0.263914 -0.944812 0.194112} posId 47 num_hand_picked_pts 10
-0.913100 2.237300 4.336900
-0.912000 2.233800 4.318300
-0.904900 2.232200 4.300800
-0.892800 2.232600 4.286200
-0.876800 2.235000 4.276300
-0.859000 2.239000 4.271400
-0.840700 2.244000 4.270900
-0.824000 2.250000 4.277300
-0.811000 2.256200 4.289800
-0.802400 2.261900 4.305600
-0.798900 2.266500 4.323700
-0.800900 2.269800 4.342300
-0.808300 2.271300 4.359600
-0.819900 2.271100 4.374600
-0.835400 2.269000 4.385200
-0.853200 2.265200 4.390600
-0.871300 2.259900 4.390000
-0.887600 2.253900 4.382400
-0.901500 2.247700 4.371000
-0.909900 2.242000 4.355000

/group/lt_post_comm_FINAL/58
58
num_smooth_modes 6 num_subsample_pts 9 pathId 800 creation_method hand_drawn modified_as_spline 1 creation_type threshold shifted_origin {12.4536 -12.4976 16.4906} pos {-13.257952 14.575638 -12.109431} xhat {0.000000 0.434307 0.900765} nrm {0.249088 -0.872373 0.420618} posId 58 num_hand_picked_pts 11
-0.865200 2.064300 4.388400
-0.861000 2.057500 4.371900
-0.852800 2.052000 4.355500
-0.840000 2.050000 4.343800
-0.823900 2.049600 4.333300
-0.807300 2.051800 4.328200
-0.789700 2.056800 4.328000
-0.772700 2.063700 4.332400
-0.759100 2.073100 4.343900
-0.751200 2.081500 4.356600
-0.747000 2.090300 4.372400
-0.749200 2.098100 4.390000
-0.757300 2.103000 4.405000
-0.771300 2.105500 4.418500
-0.785900 2.105400 4.426900
-0.804100 2.102600 4.431900
-0.821400 2.097500 4.431400
-0.837600 2.091100 4.427800
-0.851700 2.082300 4.417900
-0.861000 2.073200 4.404500

/group/lt_post_comm_FINAL/70
70
num_smooth_modes 6 num_subsample_pts 10 pathId 800 creation_method hand_drawn creation_type threshold modified_as_spline 1 shifted_origin {12.4536 -12.4976 16.4906} pos {-13.213930 14.425975 -12.016101} xhat {0.000000 0.598309 0.801266} nrm {0.251608 -0.775488 0.579060} posId 70 num_hand_picked_pts 10
-0.812900 1.917000 4.481300
-0.810100 1.907300 4.467100
-0.800300 1.897600 4.449800
-0.787800 1.892900 4.438100
-0.775100 1.892100 4.431500
-0.756700 1.894300 4.426400
-0.737900 1.900800 4.427000
-0.724600 1.907000 4.429600
-0.713600 1.917700 4.439100
-0.703600 1.930300 4.451600
-0.699900 1.941400 4.465000
-0.702800 1.950300 4.478100
-0.713000 1.958200 4.493100
-0.726100 1.963500 4.505900
-0.739700 1.964500 4.513100
-0.756700 1.963200 4.518800
-0.775400 1.957400 4.519200
-0.789200 1.950900 4.516500
-0.801400 1.940400 4.507700
-0.811700 1.926300 4.493200

/group/lt_post_comm_FINAL/80
80
num_smooth_modes 6 num_subsample_pts 10 creation_method hand_drawn paste_pos {-13.187106 14.352204 -11.953897} creation_type threshold modified_as_spline 1 shifted_origin {12.4536 -12.4976 16.4906} paste_xhat {0.000000 0.721003 0.692932} paste_nrm {0.245706 -0.671690 0.698900} paste_posId 80 paste_pathId 800 num_hand_picked_pts 10
-0.790000 1.856700 4.559000
-0.786600 1.844300 4.545800
-0.776200 1.834000 4.532300
-0.763100 1.829600 4.523400
-0.746900 1.826900 4.515000
-0.728400 1.830300 4.511900
-0.710700 1.836600 4.511600
-0.695800 1.845800 4.515300
-0.684000 1.856100 4.521200
-0.675900 1.870000 4.531600
-0.672800 1.883800 4.543900
-0.676400 1.895600 4.556600
-0.686900 1.906000 4.570300
-0.699600 1.911800 4.580400
-0.715500 1.913400 4.587600
-0.733900 1.911100 4.591800
-0.750600 1.905100 4.592000
-0.766100 1.894400 4.587100
-0.777800 1.884400 4.581500
-0.786600 1.870500 4.571200

/group/lt_post_comm_FINAL/88
88
xhat {0.000000 0.791980 0.610547} nrm {0.145531 -0.604047 0.783549} num_subsample_pts 16 creation_method hand_drawn pathId 800 pos {-13.168516 14.289836 -11.878993} creation_type threshold modified_as_spline 1 shifted_origin {12.4536 -12.4976 16.4906} posId 88 num_hand_picked_pts 7
-0.788800 1.839100 4.658900
-0.796200 1.821700 4.646900
-0.794500 1.802100 4.631500
-0.784900 1.787300 4.618200
-0.769300 1.778800 4.608800
-0.752600 1.770600 4.599400
-0.733400 1.771900 4.596700
-0.707800 1.775900 4.595100
-0.691200 1.783000 4.597500
-0.670500 1.797400 4.604700
-0.661500 1.814200 4.616000
-0.654500 1.832900 4.629000
-0.657900 1.848700 4.641900
-0.667600 1.860000 4.652400
-0.683000 1.870700 4.663500
-0.700200 1.875900 4.670700
-0.721300 1.876200 4.674900
-0.741400 1.872400 4.675700
-0.761500 1.864000 4.673000
-0.778000 1.852100 4.666900

