/group/lt_sbclvn_FINAL/4
4
num_smooth_modes 6 num_subsample_pts 47 pathId 600 creation_method hand_drawn shifted_origin {12.4536 -12.4976 16.4906} modified_as_spline 1 creation_type threshold paste_pos {-13.540467 11.220011 -34.649029} paste_xhat {0.000000 0.986796 0.161971} paste_nrm {0.123482 -0.160731 0.979243} pos {-13.427541 11.054785 -33.675984} paste_posId 4 nrm {0.100093 -0.167310 0.980810} xhat {0.000000 0.985761 0.168154} paste_pathId 600 posId 18 num_hand_picked_pts 17
-1.448300 -1.121000 -18.086399
-1.599500 -1.468700 -18.124399
-1.455300 -1.812300 -18.198999
-1.176100 -2.083400 -18.278700
-0.783400 -2.208100 -18.348600
-0.338700 -2.143600 -18.394100
-0.192300 -1.796800 -18.355700
-0.278400 -1.454400 -18.288601
-0.720700 -1.154200 -18.183599
-1.078700 -1.046100 -18.120701

/group/lt_sbclvn_FINAL/12
12
num_smooth_modes 6 num_subsample_pts 47 pathId 600 creation_method hand_drawn shifted_origin {12.4536 -12.4976 16.4906} modified_as_spline 1 creation_type threshold paste_pos {-13.482748 11.140628 -34.174162} paste_xhat {0.000000 0.985824 0.167784} paste_nrm {0.114581 -0.166679 0.979331} pos {-13.427541 11.054785 -33.675984} paste_posId 12 nrm {0.100093 -0.167310 0.980810} xhat {0.000000 0.985761 0.168154} paste_pathId 600 posId 18 num_hand_picked_pts 17
-1.348800 -1.266800 -17.631001
-1.443800 -1.542800 -17.666800
-1.328200 -1.780700 -17.720800
-1.001400 -1.969000 -17.791100
-0.636400 -2.012400 -17.841101
-0.449000 -1.872400 -17.839199
-0.442500 -1.616000 -17.796301
-0.635000 -1.338200 -17.726601
-0.865900 -1.206700 -17.677200
-1.085700 -1.145700 -17.641100

/group/lt_sbclvn_FINAL/18
18
num_smooth_modes 6 num_subsample_pts 47 pathId 600 creation_method hand_drawn modified_as_spline 1 creation_type threshold shifted_origin {12.4536 -12.4976 16.4906} pos {-13.427541 11.054785 -33.675984} nrm {0.100093 -0.167310 0.980810} xhat {0.000000 0.985761 0.168154} num_hand_picked_pts 17 posId 18
-1.226100 -1.337700 -17.141500
-1.285500 -1.546700 -17.171101
-1.208200 -1.749700 -17.213600
-1.025800 -1.872800 -17.253201
-0.809100 -1.887400 -17.277800
-0.640000 -1.788900 -17.278299
-0.571200 -1.587300 -17.250900
-0.645400 -1.385800 -17.208900
-0.813900 -1.252100 -17.168900
-1.027200 -1.239300 -17.145000

/group/lt_sbclvn_FINAL/23
23
num_smooth_modes 6 creation_method hand_drawn num_subsample_pts 41 nrm {0.072248 -0.144012 0.986935} xhat {0.000000 0.989521 0.144389} creation_type threshold pos {-13.389214 10.985988 -33.248181} pathId 600 shifted_origin {12.4536 -12.4976 16.4906} num_hand_picked_pts 16 posId 23
-0.671900 -1.585900 -16.787701
-0.670000 -1.539600 -16.781099
-0.671500 -1.492900 -16.774200
-0.679000 -1.446500 -16.766899
-0.694500 -1.402000 -16.759199
-0.719200 -1.362100 -16.751600
-0.752600 -1.329100 -16.744301
-0.792700 -1.304200 -16.737801
-0.837200 -1.287500 -16.732100
-0.883600 -1.277900 -16.727301
-0.930700 -1.274200 -16.723301
-0.977500 -1.275700 -16.720100
-1.023900 -1.282600 -16.717699
-1.069300 -1.295600 -16.716299
-1.112700 -1.315600 -16.716000
-1.152700 -1.342500 -16.716999
-1.187600 -1.375800 -16.719299
-1.216000 -1.414000 -16.722799
-1.237400 -1.455600 -16.727301
-1.251600 -1.499500 -16.732700
-1.258900 -1.545100 -16.738800
-1.259300 -1.591900 -16.745600
-1.252700 -1.639100 -16.753000
-1.238800 -1.685100 -16.760700
-1.217500 -1.727900 -16.768499
-1.189300 -1.765400 -16.775999
-1.155000 -1.796200 -16.783100
-1.116000 -1.820500 -16.789400
-1.073700 -1.839600 -16.795300
-1.029100 -1.855300 -16.800900
-0.982800 -1.868800 -16.806200
-0.935200 -1.879700 -16.811300
-0.886900 -1.886000 -16.815800
-0.839700 -1.884800 -16.819000
-0.795700 -1.873100 -16.820601
-0.757400 -1.849700 -16.820000
-0.726800 -1.815600 -16.817200
-0.704700 -1.773500 -16.812700
-0.690200 -1.727100 -16.806999
-0.681200 -1.679400 -16.800699
-0.675600 -1.632300 -16.794201

/group/lt_sbclvn_FINAL/31
31
num_smooth_modes 6 creation_method hand_drawn num_subsample_pts 36 nrm {-0.037550 -0.023329 0.999022} xhat {0.000000 0.999727 0.023346} creation_type threshold pos {-13.371508 10.927061 -32.652806} pathId 600 shifted_origin {12.4536 -12.4976 16.4906} num_hand_picked_pts 15 posId 31
-0.737100 -1.570600 -16.155399
-0.735600 -1.523600 -16.154301
-0.738000 -1.477300 -16.153299
-0.744600 -1.431300 -16.152399
-0.757200 -1.385900 -16.151899
-0.777300 -1.342800 -16.151600
-0.805600 -1.304700 -16.151800
-0.841200 -1.274400 -16.152399
-0.882300 -1.253700 -16.153500
-0.927000 -1.242600 -16.154900
-0.973600 -1.239800 -16.156601
-1.020700 -1.243900 -16.158400
-1.067000 -1.254400 -16.160400
-1.110900 -1.271400 -16.162500
-1.150700 -1.295600 -16.164499
-1.184700 -1.326900 -16.166500
-1.212200 -1.364600 -16.168501
-1.233200 -1.406900 -16.170200
-1.248000 -1.452000 -16.171801
-1.256400 -1.498600 -16.173201
-1.257500 -1.545400 -16.174400
-1.249700 -1.591200 -16.175200
-1.232100 -1.634200 -16.175501
-1.204700 -1.672200 -16.175400
-1.169300 -1.703200 -16.174801
-1.128400 -1.726700 -16.173800
-1.084600 -1.743400 -16.172501
-1.039300 -1.755300 -16.171101
-0.992900 -1.763600 -16.169500
-0.945400 -1.768200 -16.167900
-0.897800 -1.767200 -16.166000
-0.852200 -1.757400 -16.164101
-0.811800 -1.736700 -16.162100
-0.779500 -1.704800 -16.160101
-0.756900 -1.664000 -16.158300
-0.743400 -1.618100 -16.156799

/group/lt_sbclvn_FINAL/42
42
num_smooth_modes 6 center_x 0.0 center_y 0.0 center_x_in_pixels 0 pathId 600 center_y_in_pixels 0 creation_method threshold shifted_origin {12.4536 -12.4976 16.4906} creation_type threshold threshold_value 275 pos {-13.447427 10.978698 -32.113896} xhat {0.000000 0.971149 -0.238472} nrm {-0.252402 0.230750 0.939706} posId 42
-0.792400 -1.506600 -15.572200
-0.803600 -1.540500 -15.566900
-0.819900 -1.572400 -15.563500
-0.841300 -1.601400 -15.562100
-0.867400 -1.626500 -15.562900
-0.897400 -1.646500 -15.566100
-0.930100 -1.660500 -15.571400
-0.964400 -1.668200 -15.578700
-0.999400 -1.669800 -15.587700
-1.034200 -1.666400 -15.597900
-1.068500 -1.659200 -15.608900
-1.102100 -1.649400 -15.620300
-1.134700 -1.637700 -15.632000
-1.166200 -1.624100 -15.643800
-1.196000 -1.608100 -15.655700
-1.223200 -1.588600 -15.667800
-1.246800 -1.564900 -15.679900
-1.265700 -1.536600 -15.692000
-1.279200 -1.504400 -15.703500
-1.286600 -1.469500 -15.714100
-1.288100 -1.433500 -15.723300
-1.284000 -1.398000 -15.730900
-1.275000 -1.364100 -15.736800
-1.261600 -1.331900 -15.741100
-1.244600 -1.301300 -15.744100
-1.224600 -1.271800 -15.746000
-1.201700 -1.243000 -15.746900
-1.176300 -1.215400 -15.746800
-1.148600 -1.190000 -15.745600
-1.118700 -1.168500 -15.742900
-1.087100 -1.152700 -15.738300
-1.054200 -1.143700 -15.731700
-1.020700 -1.142100 -15.723000
-0.987200 -1.147700 -15.712700
-0.954400 -1.159400 -15.701000
-0.923200 -1.175800 -15.688600
-0.894300 -1.195800 -15.675900
-0.868200 -1.218500 -15.663300
-0.845500 -1.243500 -15.651100
-0.826300 -1.270600 -15.639300
-0.810800 -1.300000 -15.627900
-0.798900 -1.331700 -15.616900
-0.790400 -1.365200 -15.606400
-0.785400 -1.400200 -15.596400
-0.783800 -1.435900 -15.587300
-0.786000 -1.471600 -15.579100

/group/lt_sbclvn_FINAL/56
56
num_smooth_modes 6 center_x 0.0 center_y 0.0 center_x_in_pixels 0 pathId 600 center_y_in_pixels 0 creation_method threshold shifted_origin {12.4536 -12.4976 16.4906} creation_type threshold threshold_value 275 pos {-13.611531 11.135371 -31.641145} xhat {0.000000 0.954233 -0.299065} nrm {-0.314427 0.283897 0.905836} posId 56
-0.903400 -1.430400 -15.040800
-0.920300 -1.464300 -15.036100
-0.943400 -1.494100 -15.034700
-0.971900 -1.518800 -15.036900
-1.004400 -1.537500 -15.042300
-1.039500 -1.549900 -15.050600
-1.075900 -1.556500 -15.061200
-1.112500 -1.558300 -15.073300
-1.149000 -1.556300 -15.086600
-1.184900 -1.551300 -15.100700
-1.219900 -1.543300 -15.115300
-1.253300 -1.531900 -15.130500
-1.284000 -1.516100 -15.146100
-1.310900 -1.495200 -15.162000
-1.332600 -1.468600 -15.177800
-1.348500 -1.437200 -15.193200
-1.358200 -1.402000 -15.207600
-1.362200 -1.365000 -15.220600
-1.360800 -1.327700 -15.231800
-1.354900 -1.291300 -15.241100
-1.344800 -1.256200 -15.248600
-1.330800 -1.222400 -15.254400
-1.312700 -1.189400 -15.258400
-1.290600 -1.157600 -15.260700
-1.264500 -1.127600 -15.261100
-1.235000 -1.101200 -15.259100
-1.202800 -1.080100 -15.254500
-1.168800 -1.066200 -15.247100
-1.134000 -1.060400 -15.236800
-1.099300 -1.062900 -15.224000
-1.065700 -1.072800 -15.209200
-1.033700 -1.088700 -15.193100
-1.004100 -1.109100 -15.176500
-0.977300 -1.132600 -15.159800
-0.953900 -1.158600 -15.143600
-0.933900 -1.186600 -15.127800
-0.917500 -1.216700 -15.112700
-0.904500 -1.249000 -15.098100
-0.895200 -1.283400 -15.084100
-0.889700 -1.319500 -15.070800
-0.888700 -1.356700 -15.058800
-0.893000 -1.394100 -15.048600

/group/lt_sbclvn_FINAL/65
65
num_smooth_modes 6 center_x 0.0 center_y 0.0 center_x_in_pixels 0 pathId 600 center_y_in_pixels 0 creation_method threshold shifted_origin {12.4536 -12.4976 16.4906} creation_type threshold threshold_value 250 pos {-13.731365 11.231166 -31.243695} xhat {0.000000 0.982813 -0.184602} nrm {-0.259841 0.178262 0.949055} posId 65
-1.045600 -1.064700 -14.727400
-1.071300 -1.036300 -14.739800
-1.101500 -1.013300 -14.752400
-1.136200 -0.996400 -14.765100
-1.174400 -0.985900 -14.777500
-1.214700 -0.981900 -14.789300
-1.255100 -0.984700 -14.799800
-1.294000 -0.994300 -14.808600
-1.330100 -1.011000 -14.815400
-1.362800 -1.034300 -14.820000
-1.391700 -1.063100 -14.822500
-1.416800 -1.096200 -14.823100
-1.438000 -1.132100 -14.822200
-1.455100 -1.169800 -14.819800
-1.467600 -1.208700 -14.815900
-1.475100 -1.248400 -14.810500
-1.476700 -1.288800 -14.803400
-1.471900 -1.328900 -14.794500
-1.460100 -1.367200 -14.784100
-1.441100 -1.401500 -14.772400
-1.415300 -1.430000 -14.760000
-1.383700 -1.451800 -14.747300
-1.347600 -1.466900 -14.734600
-1.308800 -1.476400 -14.722200
-1.268900 -1.482000 -14.710200
-1.228800 -1.484600 -14.698700
-1.189200 -1.484300 -14.687900
-1.150400 -1.480100 -14.678100
-1.112400 -1.470300 -14.669500
-1.076100 -1.453600 -14.662700
-1.042500 -1.429500 -14.658100
-1.013600 -1.398900 -14.655900
-0.991000 -1.363600 -14.656300
-0.976300 -1.325500 -14.659500
-0.969800 -1.286500 -14.665000
-0.970900 -1.247400 -14.672700
-0.978200 -1.208700 -14.681900
-0.990200 -1.170400 -14.692400
-1.005500 -1.133000 -14.703600
-1.023900 -1.097400 -14.715400

/group/lt_sbclvn_FINAL/93
93
num_smooth_modes 8 xhat {0.000000 0.997767 0.066789} nrm {-0.525331 -0.056831 0.848998} num_subsample_pts 34 creation_method hand_drawn pathId 600 pos {-14.272819 11.347637 -29.677699} creation_type threshold shifted_origin {12.4536 -12.4976 16.4906} posId 93 num_hand_picked_pts 15
-2.071400 -1.160300 -13.343900
-2.071500 -1.207000 -13.347000
-2.063400 -1.255500 -13.345200
-2.050700 -1.302500 -13.340500
-2.034100 -1.345900 -13.333200
-2.011600 -1.384900 -13.321900
-1.981900 -1.419000 -13.305800
-1.946700 -1.446900 -13.285900
-1.909000 -1.466900 -13.263900
-1.870200 -1.477800 -13.240600
-1.830100 -1.480000 -13.215900
-1.789300 -1.474000 -13.190300
-1.750300 -1.459700 -13.165200
-1.715700 -1.437000 -13.142200
-1.686300 -1.406100 -13.122000
-1.662100 -1.368700 -13.104500
-1.644000 -1.326300 -13.090500
-1.633600 -1.280700 -13.081000
-1.631800 -1.233300 -13.076700
-1.637100 -1.185700 -13.076800
-1.648300 -1.139500 -13.080700
-1.665600 -1.096000 -13.088500
-1.690000 -1.056800 -13.100900
-1.721000 -1.023900 -13.117900
-1.756200 -0.998900 -13.138000
-1.793900 -0.981700 -13.160100
-1.833500 -0.970900 -13.183900
-1.875000 -0.965700 -13.209300
-1.916300 -0.968100 -13.235000
-1.954300 -0.980900 -13.259300
-1.987000 -1.005100 -13.281200
-2.015600 -1.038200 -13.301100
-2.040900 -1.076200 -13.319300
-2.060700 -1.116800 -13.334300

/group/lt_sbclvn_FINAL/106
106
num_smooth_modes 6 creation_method hand_drawn num_subsample_pts 33 nrm {-0.704318 -0.133513 0.697216} xhat {0.000000 0.982154 0.188077} creation_type threshold pos {-14.704002 11.276946 -29.144212} pathId 600 shifted_origin {12.4536 -12.4976 16.4906} num_hand_picked_pts 14 posId 106
-2.414200 -1.062300 -12.788800
-2.425700 -1.104300 -12.808400
-2.430200 -1.149800 -12.821600
-2.429000 -1.197000 -12.829500
-2.423600 -1.245000 -12.833300
-2.414400 -1.293000 -12.833100
-2.400700 -1.339300 -12.828200
-2.381900 -1.381900 -12.817300
-2.357500 -1.418500 -12.799700
-2.328200 -1.447600 -12.775600
-2.295400 -1.468300 -12.746500
-2.261200 -1.480700 -12.714300
-2.226900 -1.484600 -12.680400
-2.193900 -1.479700 -12.646200
-2.163200 -1.465800 -12.612400
-2.135800 -1.443000 -12.580400
-2.112900 -1.412000 -12.551300
-2.095500 -1.374300 -12.526600
-2.084300 -1.331700 -12.507100
-2.079300 -1.285900 -12.493300
-2.080500 -1.238400 -12.485400
-2.087800 -1.190800 -12.483600
-2.101100 -1.144800 -12.488300
-2.120400 -1.102600 -12.499700
-2.145200 -1.065700 -12.517600
-2.174100 -1.034900 -12.540900
-2.205800 -1.010200 -12.568200
-2.239000 -0.991600 -12.598200
-2.272800 -0.979700 -12.630100
-2.306700 -0.975800 -12.663600
-2.339600 -0.981800 -12.697900
-2.369800 -0.998700 -12.731700
-2.395300 -1.026100 -12.762800

/group/lt_sbclvn_FINAL/113
113
num_smooth_modes 6 creation_method hand_drawn num_subsample_pts 34 nrm {-0.757068 -0.138129 0.638567} xhat {0.000000 0.977395 0.211421} creation_type threshold pos {-14.985676 11.223970 -28.888209} pathId 600 shifted_origin {12.4536 -12.4976 16.4906} num_hand_picked_pts 15 posId 113
-2.693200 -1.124700 -12.556400
-2.693500 -1.171500 -12.566900
-2.689400 -1.219100 -12.572300
-2.681000 -1.266300 -12.572500
-2.667800 -1.311800 -12.566800
-2.649500 -1.353900 -12.554200
-2.626400 -1.390600 -12.534800
-2.599400 -1.420300 -12.509100
-2.569700 -1.442500 -12.478800
-2.538800 -1.457100 -12.445300
-2.507500 -1.464500 -12.409800
-2.476700 -1.464300 -12.373200
-2.447300 -1.455700 -12.336500
-2.420700 -1.437900 -12.301100
-2.398600 -1.410600 -12.269000
-2.382500 -1.375000 -12.242200
-2.372700 -1.333400 -12.221600
-2.368700 -1.288200 -12.207100
-2.369200 -1.241500 -12.197600
-2.373400 -1.194100 -12.192200
-2.381000 -1.146700 -12.191100
-2.392900 -1.100300 -12.195100
-2.409800 -1.056600 -12.205700
-2.431900 -1.018300 -12.223600
-2.458400 -0.987600 -12.248400
-2.488000 -0.965700 -12.278700
-2.518900 -0.952700 -12.312600
-2.550100 -0.947800 -12.348600
-2.580700 -0.950400 -12.385400
-2.609900 -0.960400 -12.422200
-2.636600 -0.978600 -12.457700
-2.659200 -1.005100 -12.490200
-2.676400 -1.039400 -12.518100
-2.687700 -1.080000 -12.540200

/group/lt_sbclvn_FINAL/129
129
num_smooth_modes 8 creation_method hand_drawn num_subsample_pts 34 nrm {-0.918203 0.005740 0.396069} xhat {0.000000 0.999895 -0.014490} creation_type threshold pos {-15.753856 11.139708 -28.376625} pathId 600 shifted_origin {12.4536 -12.4976 16.4906} num_hand_picked_pts 15 posId 129
-3.396300 -1.271600 -12.109800
-3.393600 -1.318300 -12.102900
-3.387000 -1.362100 -12.087100
-3.377000 -1.402700 -12.063200
-3.364400 -1.439000 -12.033600
-3.350000 -1.469600 -11.999800
-3.333900 -1.492500 -11.962100
-3.316000 -1.507000 -11.920500
-3.297100 -1.513500 -11.876400
-3.278000 -1.512600 -11.832100
-3.259500 -1.504100 -11.789400
-3.241900 -1.487300 -11.748800
-3.225500 -1.462300 -11.711300
-3.211100 -1.430000 -11.678400
-3.199700 -1.391700 -11.652400
-3.191900 -1.348400 -11.634900
-3.188200 -1.301600 -11.627000
-3.188700 -1.253700 -11.628900
-3.193300 -1.207500 -11.640200
-3.201200 -1.164400 -11.659200
-3.211400 -1.124500 -11.683400
-3.223300 -1.087600 -11.711600
-3.237100 -1.055400 -11.744000
-3.253100 -1.030700 -11.781500
-3.271100 -1.015700 -11.823300
-3.289900 -1.009900 -11.867100
-3.308800 -1.011400 -11.910800
-3.327300 -1.019300 -11.953700
-3.345500 -1.034400 -11.995600
-3.362300 -1.058000 -12.034200
-3.376200 -1.090500 -12.066000
-3.386200 -1.130400 -12.088600
-3.392400 -1.175500 -12.102400
-3.395700 -1.223400 -12.109200

