/group/rt_ant_crbrl_FINAL/0
0
num_smooth_modes 6 center_x 0.0 center_y 0.0 center_x_in_pixels 0 pathId 950 center_y_in_pixels 0 creation_method threshold shifted_origin {12.4536 -12.4976 16.4906} modified_as_spline 1 paste_pos {-11.469400 15.328800 -11.781600} creation_type threshold threshold_value 200 paste_nrm {-0.626567 0.181291 0.757989} paste_xhat {0.000000 0.972569 -0.232613} pos {-11.561882 15.361824 -11.678053} paste_posId 0 xhat {0.000000 0.931544 -0.363629} nrm {-0.663775 0.271970 0.696732} paste_pathId 950 posId 9
0.956800 2.891800 4.672000
0.920400 2.862400 4.649000
0.894400 2.819500 4.637700
0.883100 2.769000 4.640500
0.896400 2.732500 4.660200
0.914500 2.712400 4.680000
0.950600 2.701200 4.712500
0.991300 2.702800 4.745800
1.030900 2.715500 4.775500
1.059700 2.731100 4.795600
1.083200 2.768500 4.806000
1.088800 2.819100 4.798600
1.066300 2.856300 4.771100
1.033300 2.880500 4.738000
0.996700 2.896200 4.704000

/group/rt_ant_crbrl_FINAL/9
9
num_smooth_modes 6 center_x 0.0 center_y 0.0 center_x_in_pixels 0 pathId 950 center_y_in_pixels 0 creation_method threshold shifted_origin {12.4536 -12.4976 16.4906} modified_as_spline 1 creation_type threshold threshold_value 200 pos {-11.561882 15.361824 -11.678053} nrm {-0.663775 0.271970 0.696732} xhat {0.000000 0.931544 -0.363629} posId 9
0.860800 2.909600 4.765100
0.826300 2.881100 4.743400
0.799600 2.840000 4.733900
0.792300 2.793300 4.745300
0.798100 2.754200 4.766000
0.816200 2.720200 4.796500
0.846300 2.703100 4.831900
0.884700 2.708200 4.866500
0.921300 2.733800 4.891200
0.950500 2.771900 4.904300
0.972400 2.818900 4.906700
0.973400 2.863200 4.890400
0.958200 2.900900 4.861200
0.933400 2.920600 4.829900
0.896600 2.920300 4.795000

/group/rt_ant_crbrl_FINAL/13
13
num_smooth_modes 6 center_x 0.0 center_y 0.0 center_x_in_pixels 0 pathId 950 center_y_in_pixels 0 creation_method threshold shifted_origin {12.4536 -12.4976 16.4906} creation_type threshold threshold_value 200 pos {-11.637395 15.396356 -11.603567} xhat {0.000000 0.870470 -0.492222} nrm {-0.691185 0.355718 0.629069} posId 13
0.886500 2.946100 4.937500
0.864400 2.955200 4.908000
0.839100 2.957500 4.879000
0.812200 2.950900 4.853200
0.786000 2.931400 4.835400
0.763700 2.901500 4.827800
0.747200 2.867200 4.829100
0.738300 2.832100 4.839100
0.740200 2.800600 4.859000
0.753400 2.777800 4.886400
0.774000 2.765500 4.916000
0.798700 2.764100 4.944000
0.826000 2.774900 4.967800
0.852700 2.796900 4.984700
0.875500 2.825600 4.993500
0.893100 2.858700 4.994200
0.903200 2.894500 4.985100
0.901200 2.926200 4.965000

/group/rt_ant_crbrl_FINAL/20
20
num_smooth_modes 6 center_x 0.0 center_y 0.0 center_x_in_pixels 0 pathId 950 center_y_in_pixels 0 creation_method threshold shifted_origin {12.4536 -12.4976 16.4906} creation_type threshold threshold_value 200 pos {-11.773916 15.482513 -11.509394} xhat {0.000000 0.493871 -0.869535} nrm {-0.772377 0.552298 0.313689} posId 20
0.735600 3.020800 5.055600
0.718100 2.986300 5.073200
0.695000 2.950400 5.079600
0.669100 2.916500 5.075600
0.642200 2.889400 5.056900
0.618100 2.873700 5.025400
0.600200 2.870400 4.987000
0.591900 2.881500 4.947200
0.596100 2.906700 4.913200
0.610900 2.940000 4.891000
0.632800 2.975400 4.882500
0.659200 3.008100 4.890100
0.685900 3.032300 4.913000
0.709400 3.047000 4.945200
0.729200 3.053200 4.983000
0.740100 3.045600 5.023200

/group/rt_ant_crbrl_FINAL/27
27
num_smooth_modes 6 center_x 0.0 center_y 0.0 center_x_in_pixels 0 pathId 950 center_y_in_pixels 0 creation_method threshold shifted_origin {12.4536 -12.4976 16.4906} creation_type threshold threshold_value 200 pos {-11.930029 15.593252 -11.496856} xhat {0.000000 0.299367 0.954138} nrm {-0.818391 0.548306 -0.172035} posId 27
0.439100 2.966600 4.984300
0.449200 2.971000 4.950300
0.464100 2.983800 4.920200
0.483000 3.005200 4.898500
0.503300 3.032700 4.889800
0.522000 3.062300 4.894800
0.538100 3.091100 4.910100
0.551100 3.117200 4.931700
0.560200 3.139200 4.958100
0.564500 3.155500 4.989500
0.562900 3.164100 5.024900
0.554300 3.162100 5.059600
0.538700 3.147400 5.086500
0.518700 3.122200 5.101400
0.497800 3.092400 5.106000
0.478100 3.062400 5.104100
0.460000 3.032900 5.096200
0.445000 3.005200 5.079400
0.435900 2.983300 5.052700
0.434200 2.970400 5.019400

/group/rt_ant_crbrl_FINAL/34
34
num_smooth_modes 6 center_x 0.0 center_y 0.0 center_x_in_pixels 0 pathId 950 center_y_in_pixels 0 creation_method threshold shifted_origin {12.4536 -12.4976 16.4906} creation_type threshold threshold_value 200 pos {-12.133640 15.719948 -11.580758} xhat {0.000000 0.648352 0.761341} nrm {-0.775205 0.480946 -0.409570} posId 34
0.245200 3.121400 4.932700
0.262700 3.121500 4.899700
0.285400 3.134900 4.872600
0.309700 3.158800 4.854600
0.331400 3.189000 4.849000
0.348400 3.222300 4.855900
0.359000 3.254500 4.873800
0.360100 3.280000 4.901500
0.351500 3.295000 4.935500
0.337300 3.301800 4.970400
0.320100 3.303100 5.004400
0.299200 3.296300 5.036000
0.276000 3.277100 5.057300
0.256200 3.247300 5.059900
0.242800 3.214000 5.046100
0.234400 3.182600 5.025000
0.231000 3.155300 4.999400
0.234400 3.133800 4.967700

/group/rt_ant_crbrl_FINAL/42
42
num_smooth_modes 6 center_x 0.0 center_y 0.0 center_x_in_pixels 0 pathId 950 center_y_in_pixels 0 creation_method threshold shifted_origin {12.4536 -12.4976 16.4906} creation_type threshold threshold_value 200 pos {-12.371706 15.894753 -11.704414} xhat {0.000000 0.402580 0.915385} nrm {-0.690351 0.662258 -0.291257} posId 42
0.044400 3.345600 4.757700
0.069700 3.361100 4.733100
0.098300 3.385300 4.720200
0.125000 3.413300 4.720800
0.146500 3.442000 4.734900
0.161900 3.469000 4.760000
0.168900 3.490400 4.791900
0.166000 3.503100 4.827700
0.154400 3.507600 4.865500
0.136100 3.503900 4.900400
0.111700 3.489500 4.925600
0.083600 3.465100 4.936700
0.056900 3.436200 4.934300
0.035200 3.407400 4.920200
0.019800 3.380900 4.896300
0.012300 3.359100 4.864600
0.014500 3.345400 4.828200
0.025700 3.340600 4.790900

/group/rt_ant_crbrl_FINAL/53
53
num_smooth_modes 6 creation_method hand_drawn num_subsample_pts 14 nrm {-0.266036 0.932030 0.246057} xhat {0.000000 0.255256 -0.966874} creation_type threshold pos {-12.562430 16.215009 -11.708401} pathId 950 shifted_origin {12.4536 -12.4976 16.4906} num_hand_picked_pts 13 posId 53
-0.173300 3.708400 4.746500
-0.163300 3.699700 4.790500
-0.134900 3.697500 4.829300
-0.095700 3.702200 4.854000
-0.050800 3.713800 4.858600
-0.009200 3.730000 4.842200
0.018100 3.746700 4.808600
0.029600 3.761400 4.765000
0.021300 3.771100 4.719700
-0.008200 3.772200 4.683600
-0.049800 3.765800 4.662700
-0.095900 3.754600 4.655200
-0.137500 3.739600 4.667200
-0.164000 3.722900 4.701900

/group/rt_ant_crbrl_FINAL/59
59
num_smooth_modes 8 center_x 0.0 center_y 0.0 center_x_in_pixels 0 pathId 950 center_y_in_pixels 0 creation_method threshold shifted_origin {12.4536 -12.4976 16.4906} creation_type threshold threshold_value 235 pos {-12.597408 16.420999 -11.636380} xhat {0.000000 0.387614 -0.921822} nrm {-0.066569 0.919777 0.386754} posId 59
-0.143300 3.987000 4.703100
-0.184000 3.979300 4.714500
-0.213000 3.966100 4.740800
-0.232900 3.950000 4.775700
-0.234600 3.933900 4.813600
-0.217000 3.920000 4.849800
-0.184700 3.911500 4.875400
-0.143800 3.910200 4.885700
-0.102800 3.916000 4.878800
-0.069600 3.928300 4.855300
-0.043800 3.943200 4.824500
-0.030200 3.959300 4.788400
-0.036700 3.975300 4.749300
-0.061500 3.986500 4.718300
-0.101400 3.990000 4.703200

/group/rt_ant_crbrl_FINAL/66
66
num_smooth_modes 8 xhat {0.000000 0.492806 -0.870139} nrm {-0.012617 0.870070 0.492767} num_subsample_pts 13 creation_method hand_drawn pathId 950 pos {-12.603742 16.661499 -11.518727} creation_type threshold shifted_origin {12.4536 -12.4976 16.4906} posId 66 num_hand_picked_pts 12
-0.277400 4.171500 4.955200
-0.269100 4.150600 4.992300
-0.242100 4.134500 5.021500
-0.200900 4.128000 5.034000
-0.157500 4.130100 5.031300
-0.119700 4.141100 5.012900
-0.099000 4.159900 4.980300
-0.098800 4.181500 4.942100
-0.115500 4.200900 4.907400
-0.149800 4.213600 4.884200
-0.192800 4.215000 4.880500
-0.234500 4.208300 4.891300
-0.262700 4.191800 4.919700

