/group/rt_crtd_FINAL/30
30
num_smooth_modes 6 center_x 0.0 center_y 0.0 center_x_in_pixels 0 pathId 300 center_y_in_pixels 0 creation_method threshold shifted_origin {12.4536 -12.4976 16.4906} modified_as_spline 1 paste_pos {-11.122267 12.770727 -31.000876} creation_type threshold paste_xhat {0.000000 0.997227 -0.074416} threshold_value 275 paste_nrm {0.365434 0.069269 0.928256} pos {-10.645002 12.777424 -29.681370} paste_posId 30 xhat {0.000000 0.995535 0.094390} nrm {0.290498 -0.090320 0.952603} paste_pathId 300 posId 51
1.247600 -0.051100 -14.453600
1.150300 -0.029600 -14.416900
1.059300 0.069500 -14.388400
1.036800 0.171900 -14.387200
1.016600 0.252300 -14.385200
1.022400 0.342900 -14.394300
1.052300 0.417900 -14.411700
1.092200 0.476600 -14.431700
1.148400 0.530200 -14.457900
1.206000 0.564900 -14.483100
1.290700 0.588100 -14.518200
1.376600 0.581000 -14.551500
1.453400 0.550000 -14.579400
1.533600 0.496900 -14.607100
1.564900 0.412000 -14.613100
1.598100 0.309700 -14.618500
1.573400 0.190700 -14.599900
1.548200 0.082500 -14.581900
1.446100 0.008100 -14.536100
1.355000 -0.045200 -14.496300

/group/rt_crtd_FINAL/42
42
num_smooth_modes 6 center_x 0.0 center_y 0.0 center_x_in_pixels 0 pathId 300 center_y_in_pixels 0 creation_method threshold shifted_origin {12.4536 -12.4976 16.4906} paste_pos {-10.817504 12.802176 -30.197492} creation_type threshold threshold_value 275 paste_xhat {0.000000 0.999974 0.007148} paste_nrm {0.336721 -0.006731 0.941580} pos {-10.645002 12.777424 -29.681370} paste_posId 42 xhat {0.000000 0.995535 0.094390} nrm {0.290498 -0.090320 0.952603} paste_pathId 300 posId 51
1.545100 0.053800 -13.676100
1.508300 0.059800 -13.662900
1.472400 0.072300 -13.650000
1.438100 0.090700 -13.637600
1.406200 0.113700 -13.626000
1.377500 0.140500 -13.615600
1.352700 0.170500 -13.606500
1.332500 0.203300 -13.599000
1.317300 0.238700 -13.593400
1.307600 0.276500 -13.589600
1.303600 0.316100 -13.587900
1.305200 0.356500 -13.588200
1.312200 0.396700 -13.590400
1.324000 0.435400 -13.594300
1.340100 0.471800 -13.599800
1.360100 0.505300 -13.606800
1.383600 0.535700 -13.614900
1.410500 0.563000 -13.624400
1.440400 0.587100 -13.634900
1.473300 0.607400 -13.646500
1.508600 0.623400 -13.659000
1.545500 0.633900 -13.672200
1.583300 0.638100 -13.685600
1.620700 0.635500 -13.699000
1.657000 0.626100 -13.712100
1.691200 0.610300 -13.724400
1.722800 0.589100 -13.735900
1.751600 0.563400 -13.746300
1.777300 0.534000 -13.755700
1.799600 0.501600 -13.764000
1.818200 0.466500 -13.770900
1.832400 0.429300 -13.776200
1.841500 0.390400 -13.779700
1.845000 0.350800 -13.781300
1.842400 0.311300 -13.780600
1.833700 0.273000 -13.777800
1.819300 0.236600 -13.772900
1.799900 0.202800 -13.766200
1.776300 0.171700 -13.758000
1.749200 0.143200 -13.748500
1.719400 0.117500 -13.738000
1.687400 0.094900 -13.726800
1.653600 0.076200 -13.714800
1.618300 0.062500 -13.702300
1.582000 0.054700 -13.689300

/group/rt_crtd_FINAL/51
51
num_smooth_modes 6 center_x 0.0 center_y 0.0 center_x_in_pixels 0 pathId 300 center_y_in_pixels 0 creation_method threshold shifted_origin {12.4536 -12.4976 16.4906} creation_type threshold threshold_value 275 pos {-10.645002 12.777424 -29.681370} xhat {0.000000 0.995535 0.094390} nrm {0.290498 -0.090320 0.952603} posId 51
1.716100 0.027700 -13.186500
1.678700 0.032700 -13.174600
1.642200 0.044300 -13.162400
1.607400 0.061600 -13.150100
1.575000 0.083700 -13.138100
1.545800 0.109600 -13.126800
1.520600 0.138800 -13.116300
1.500000 0.170900 -13.107000
1.484600 0.205800 -13.099000
1.474800 0.243200 -13.092400
1.470700 0.282500 -13.087500
1.472400 0.322800 -13.084200
1.479400 0.362900 -13.082500
1.491400 0.401800 -13.082500
1.507800 0.438400 -13.084000
1.528100 0.472300 -13.087000
1.552000 0.503200 -13.091300
1.579300 0.531100 -13.097000
1.609800 0.555800 -13.104000
1.643200 0.577000 -13.112100
1.679000 0.593800 -13.121500
1.716600 0.605300 -13.131900
1.754900 0.610500 -13.143100
1.793000 0.608900 -13.154800
1.829800 0.600400 -13.166800
1.864600 0.585700 -13.178800
1.896700 0.565400 -13.190600
1.926000 0.540500 -13.201800
1.952100 0.512000 -13.212500
1.974800 0.480300 -13.222400
1.993700 0.445900 -13.231500
2.008100 0.409200 -13.239300
2.017400 0.370800 -13.245800
2.020900 0.331400 -13.250600
2.018200 0.292000 -13.253500
2.009400 0.253600 -13.254500
1.994800 0.217100 -13.253500
1.975100 0.182900 -13.250700
1.951100 0.151300 -13.246400
1.923600 0.122200 -13.240800
1.893300 0.095800 -13.234000
1.860800 0.072400 -13.226300
1.826400 0.052900 -13.217700
1.790500 0.038300 -13.208200
1.753600 0.029600 -13.197700

/group/rt_crtd_FINAL/71
71
num_smooth_modes 6 center_x 0.0 center_y 0.0 center_x_in_pixels 0 pathId 300 center_y_in_pixels 0 creation_method threshold shifted_origin {12.4536 -12.4976 16.4906} creation_type threshold threshold_value 275 pos {-10.422374 12.627764 -28.721005} xhat {0.000000 0.987884 0.155191} nrm {0.166169 -0.153034 0.974150} posId 71
1.886500 0.481000 -12.150600
1.851800 0.467000 -12.146900
1.819800 0.447900 -12.144400
1.791000 0.424300 -12.143200
1.765600 0.396900 -12.143200
1.743600 0.366400 -12.144200
1.725000 0.333500 -12.146200
1.710000 0.298800 -12.149100
1.698900 0.262900 -12.152900
1.692200 0.226200 -12.157500
1.690200 0.189200 -12.163000
1.693200 0.152400 -12.169200
1.701000 0.116500 -12.176200
1.713600 0.081800 -12.183800
1.730400 0.049100 -12.191800
1.751200 0.018800 -12.200100
1.775500 -0.008400 -12.208600
1.803200 -0.032200 -12.217000
1.833900 -0.052000 -12.225400
1.867300 -0.067300 -12.233500
1.902800 -0.077700 -12.241200
1.939700 -0.082900 -12.248300
1.977000 -0.082600 -12.254600
2.013800 -0.076800 -12.260000
2.049200 -0.065700 -12.264200
2.082700 -0.049400 -12.267400
2.113600 -0.028600 -12.269400
2.141900 -0.003700 -12.270300
2.167300 0.024500 -12.270200
2.189500 0.055500 -12.269100
2.207800 0.088700 -12.267100
2.221800 0.123500 -12.264000
2.230800 0.159400 -12.259900
2.234200 0.195800 -12.254700
2.232000 0.232400 -12.248600
2.224300 0.268400 -12.241600
2.211900 0.303500 -12.234000
2.195400 0.337100 -12.225900
2.175400 0.368700 -12.217500
2.152600 0.397900 -12.209100
2.127200 0.424000 -12.200600
2.098900 0.446700 -12.192200
2.067900 0.465400 -12.184000
2.034200 0.479400 -12.176000
1.998300 0.488400 -12.168500
1.961000 0.491700 -12.161600
1.923300 0.489300 -12.155600

/group/rt_crtd_FINAL/82
82
num_smooth_modes 6 center_x 0.0 center_y 0.0 center_x_in_pixels 0 pathId 300 center_y_in_pixels 0 creation_method threshold shifted_origin {12.4536 -12.4976 16.4906} creation_type threshold threshold_value 325 pos {-10.325599 12.558740 -28.112833} xhat {0.000000 0.997685 0.068012} nrm {0.151552 -0.067226 0.986161} posId 82
1.936000 -0.078400 -11.602200
1.906600 -0.053800 -11.596000
1.879900 -0.025800 -11.590000
1.857000 0.004800 -11.584400
1.838700 0.037500 -11.579400
1.826100 0.072100 -11.575100
1.819600 0.108400 -11.571600
1.819000 0.145900 -11.569000
1.823800 0.184000 -11.567100
1.833100 0.221800 -11.566000
1.846300 0.258400 -11.565500
1.863000 0.292700 -11.565700
1.883500 0.324000 -11.566700
1.908200 0.351600 -11.568600
1.937200 0.374900 -11.571500
1.970300 0.393200 -11.575400
2.006500 0.405800 -11.580100
2.044400 0.412300 -11.585400
2.082400 0.412200 -11.591300
2.119200 0.405600 -11.597400
2.153800 0.392800 -11.603600
2.186100 0.374600 -11.609800
2.216100 0.352000 -11.615900
2.243500 0.326000 -11.621900
2.268200 0.297000 -11.627700
2.289300 0.265600 -11.633100
2.306000 0.232000 -11.637900
2.317200 0.196400 -11.642100
2.322600 0.159100 -11.645500
2.321900 0.121100 -11.647900
2.315700 0.083100 -11.649600
2.304400 0.046400 -11.650300
2.288500 0.011900 -11.650300
2.268300 -0.019700 -11.649300
2.243900 -0.047900 -11.647500
2.215400 -0.072500 -11.644800
2.183200 -0.093000 -11.641200
2.148000 -0.108900 -11.636900
2.111000 -0.119400 -11.631900
2.073600 -0.124000 -11.626500
2.036700 -0.122100 -11.620700
2.001300 -0.113500 -11.614700
1.967600 -0.098600 -11.608500

/group/rt_crtd_FINAL/96
96
num_smooth_modes 6 center_x 0.0 center_y 0.0 center_x_in_pixels 0 pathId 300 center_y_in_pixels 0 creation_method threshold shifted_origin {12.4536 -12.4976 16.4906} creation_type threshold threshold_value 350 pos {-10.174395 12.544953 -27.117832} xhat {0.000000 0.999571 -0.029301} nrm {0.147749 0.028979 0.988600} posId 96
2.134200 -0.128400 -10.600400
2.100800 -0.108800 -10.596000
2.070500 -0.084800 -10.592200
2.044200 -0.056800 -10.589100
2.022200 -0.025500 -10.586700
2.004900 0.008500 -10.585100
1.992400 0.044400 -10.584300
1.985000 0.081600 -10.584300
1.982900 0.119500 -10.585100
1.986400 0.157400 -10.586700
1.995600 0.194800 -10.589200
2.010200 0.231100 -10.592400
2.029800 0.265100 -10.596300
2.053500 0.295700 -10.600800
2.080800 0.321800 -10.605600
2.111200 0.342500 -10.610800
2.144600 0.357100 -10.616200
2.180800 0.365500 -10.621800
2.219100 0.368000 -10.627600
2.258500 0.364900 -10.633400
2.297300 0.356400 -10.639000
2.333600 0.342600 -10.644000
2.365800 0.323500 -10.648300
2.392900 0.299300 -10.651600
2.414800 0.270100 -10.654000
2.432500 0.236900 -10.655700
2.446800 0.200600 -10.656800
2.458650 0.162700 -10.657400
2.468020 0.124200 -10.657700
2.474090 0.086000 -10.657500
2.475420 0.048600 -10.656600
2.470580 0.012300 -10.654800
2.458650 -0.022500 -10.652000
2.439600 -0.055300 -10.648200
2.414400 -0.085300 -10.643500
2.384400 -0.111200 -10.638300
2.351300 -0.132100 -10.632700
2.316200 -0.147000 -10.627100
2.280100 -0.155400 -10.621400
2.243400 -0.157300 -10.615900
2.206400 -0.153200 -10.610500
2.169800 -0.143400 -10.605300

/group/rt_crtd_FINAL/111
111
num_smooth_modes 6 center_x 0.0 center_y 0.0 center_x_in_pixels 0 pathId 300 center_y_in_pixels 0 creation_method threshold shifted_origin {12.4536 -12.4976 16.4906} creation_type threshold threshold_value 350 pos {-9.998847 12.621890 -25.870889} xhat {0.000000 0.995973 -0.089656} nrm {0.129970 0.088896 0.987525} posId 111
2.599380 -0.034800 -9.385000
2.566600 -0.059800 -9.378400
2.529710 -0.078800 -9.371900
2.489750 -0.091600 -9.365500
2.448000 -0.098100 -9.359400
2.405800 -0.098300 -9.353800
2.364500 -0.091700 -9.349000
2.325200 -0.078100 -9.345000
2.289000 -0.057500 -9.342100
2.256800 -0.030400 -9.340300
2.229300 0.002000 -9.339600
2.207100 0.038600 -9.340000
2.190800 0.077700 -9.341400
2.180600 0.118400 -9.343700
2.176700 0.159900 -9.346900
2.179100 0.201600 -9.351000
2.187800 0.242700 -9.355800
2.202900 0.282200 -9.361400
2.224200 0.318500 -9.367400
2.251400 0.350100 -9.373900
2.284100 0.375500 -9.380500
2.321200 0.394000 -9.387000
2.361400 0.405200 -9.393300
2.403200 0.409600 -9.399200
2.445200 0.407400 -9.404500
2.486310 0.399000 -9.409200
2.525680 0.384600 -9.413100
2.562510 0.364500 -9.416100
2.596000 0.338700 -9.418200
2.625180 0.308000 -9.419300
2.649030 0.273000 -9.419200
2.666600 0.234700 -9.418100
2.677210 0.194200 -9.415900
2.680610 0.152500 -9.412600
2.676920 0.110600 -9.408300
2.666500 0.069700 -9.403200
2.649810 0.030900 -9.397600
2.627300 -0.004300 -9.391400

/group/rt_crtd_FINAL/123
123
num_smooth_modes 6 center_x 0.0 center_y 0.0 center_x_in_pixels 0 pathId 300 center_y_in_pixels 0 creation_method threshold shifted_origin {12.4536 -12.4976 16.4906} creation_type threshold threshold_value 350 pos {-9.872970 12.733625 -24.853319} xhat {0.000000 0.991828 -0.127579} nrm {0.111508 0.126784 0.985643} posId 123
2.434800 0.064500 -8.324200
2.400600 0.084200 -8.322800
2.370300 0.108200 -8.322500
2.344700 0.136200 -8.323200
2.324100 0.168000 -8.324900
2.308600 0.203200 -8.327700
2.298300 0.241000 -8.331400
2.293500 0.280100 -8.335900
2.294500 0.319200 -8.341000
2.301800 0.356800 -8.346700
2.315400 0.391900 -8.352800
2.335200 0.423900 -8.359100
2.360300 0.452600 -8.365600
2.389800 0.477600 -8.372200
2.422600 0.498500 -8.378600
2.457860 0.514600 -8.384700
2.494740 0.525100 -8.390200
2.532640 0.529300 -8.395000
2.570890 0.527000 -8.399000
2.608630 0.518400 -8.402200
2.644870 0.503900 -8.404400
2.678560 0.484200 -8.405700
2.708780 0.459900 -8.406000
2.734840 0.431500 -8.405300
2.756240 0.399300 -8.403600
2.772590 0.364100 -8.400900
2.783480 0.326600 -8.397300
2.788390 0.288000 -8.392900
2.786870 0.249800 -8.387800
2.778670 0.212900 -8.382100
2.763930 0.178200 -8.376000
2.743300 0.146100 -8.369600
2.717780 0.117000 -8.362900
2.688470 0.091300 -8.356300
2.656320 0.069700 -8.349900
2.621980 0.053000 -8.343900
2.585860 0.042200 -8.338400
2.548310 0.038100 -8.333600
2.509940 0.040700 -8.329600
2.471670 0.049800 -8.326400

/group/rt_crtd_FINAL/134
134
num_smooth_modes 6 center_x 0.0 center_y 0.0 center_x_in_pixels 0 pathId 300 center_y_in_pixels 0 creation_method threshold shifted_origin {12.4536 -12.4976 16.4906} creation_type threshold threshold_value 350 pos {-9.785029 12.862235 -23.943019} xhat {0.000000 0.988779 -0.149385} nrm {0.074039 0.148975 0.986065} posId 134
2.474210 0.231900 -7.417800
2.442900 0.256500 -7.419100
2.415900 0.285800 -7.421500
2.393900 0.319300 -7.424900
2.377700 0.356200 -7.429300
2.367700 0.395200 -7.434400
2.364300 0.435100 -7.440200
2.367600 0.474500 -7.446400
2.377400 0.512400 -7.452900
2.393100 0.548200 -7.459500
2.414200 0.581700 -7.466100
2.439800 0.612600 -7.472700
2.469250 0.640200 -7.479100
2.501940 0.663700 -7.485100
2.537420 0.681700 -7.490500
2.575090 0.692800 -7.495000
2.614170 0.696000 -7.498400
2.653540 0.691100 -7.500600
2.691890 0.678500 -7.501600
2.727910 0.659300 -7.501400
2.760570 0.635000 -7.500200
2.789270 0.606700 -7.498000
2.813860 0.575400 -7.495200
2.834420 0.541500 -7.491600
2.850980 0.505400 -7.487400
2.863270 0.467400 -7.482600
2.870630 0.427800 -7.477100
2.872160 0.387700 -7.471200
2.866990 0.348300 -7.464800
2.854630 0.310800 -7.458300
2.835160 0.276600 -7.451600
2.809270 0.246800 -7.445200
2.778100 0.222200 -7.439100
2.742970 0.203400 -7.433600
2.705160 0.190600 -7.428900
2.665740 0.183800 -7.424900
2.625630 0.182800 -7.421700
2.585610 0.187400 -7.419400
2.546460 0.197300 -7.418000
2.509040 0.212100 -7.417400

/group/rt_crtd_FINAL/143
143
num_smooth_modes 6 center_x 0.0 center_y 0.0 center_x_in_pixels 0 pathId 300 center_y_in_pixels 0 creation_method threshold shifted_origin {12.4536 -12.4976 16.4906} creation_type threshold threshold_value 350 pos {-9.745798 12.972819 -23.208007} xhat {0.000000 0.989687 -0.143246} nrm {0.029738 0.143183 0.989249} posId 143
2.805100 0.730500 -6.757300
2.773990 0.753300 -6.759700
2.739550 0.771400 -6.761200
2.702730 0.784100 -6.762000
2.664560 0.790900 -6.761800
2.626090 0.791600 -6.760700
2.588260 0.786100 -6.758800
2.551870 0.774600 -6.756000
2.517630 0.757500 -6.752500
2.486180 0.735400 -6.748400
2.458150 0.709000 -6.743700
2.434100 0.678900 -6.738700
2.414600 0.645900 -6.733300
2.400100 0.610700 -6.727800
2.390900 0.573700 -6.722100
2.387100 0.535800 -6.716500
2.388900 0.497700 -6.711100
2.396200 0.460200 -6.705900
2.409000 0.424100 -6.701000
2.427000 0.390200 -6.696700
2.449900 0.359300 -6.692900
2.477060 0.332000 -6.689700
2.507840 0.308700 -6.687300
2.541500 0.289700 -6.685600
2.577310 0.275300 -6.684600
2.614610 0.265800 -6.684300
2.652790 0.261300 -6.684800
2.691250 0.262100 -6.686100
2.729300 0.268400 -6.688100
2.766060 0.280500 -6.691000
2.800470 0.298200 -6.694600
2.831350 0.321200 -6.698800
2.857610 0.348900 -6.703600
2.878390 0.380700 -6.708900
2.893250 0.415500 -6.714300
2.902190 0.452400 -6.720000
2.905600 0.490600 -6.725600
2.904030 0.529100 -6.731100
2.898000 0.567200 -6.736400
2.887820 0.604400 -6.741500
2.873550 0.639800 -6.746200
2.855070 0.673100 -6.750500
2.832240 0.703500 -6.754200

/group/rt_crtd_FINAL/152
152
num_smooth_modes 6 center_x 0.0 center_y 0.0 center_x_in_pixels 0 pathId 300 center_y_in_pixels 0 creation_method threshold shifted_origin {12.4536 -12.4976 16.4906} creation_type threshold threshold_value 350 pos {-9.739067 13.065977 -22.465125} xhat {0.000000 0.995382 -0.095990} nrm {-0.009508 0.095986 0.995337} posId 152
2.811990 0.349600 -5.952500
2.776870 0.332100 -5.951100
2.739710 0.320100 -5.950300
2.701400 0.313800 -5.950100
2.662690 0.313000 -5.950400
2.624120 0.317600 -5.951200
2.586200 0.327000 -5.952500
2.549450 0.341000 -5.954200
2.514580 0.359300 -5.956300
2.482500 0.381900 -5.958800
2.454190 0.408500 -5.961600
2.430600 0.439000 -5.964800
2.412400 0.472900 -5.968200
2.400000 0.509600 -5.971900
2.393500 0.548100 -5.975600
2.392800 0.587300 -5.979400
2.397500 0.626300 -5.983100
2.407600 0.663900 -5.986700
2.422800 0.699500 -5.990000
2.443100 0.732400 -5.992900
2.468140 0.761800 -5.995500
2.497630 0.787200 -5.997700
2.530850 0.808100 -5.999400
2.566920 0.823700 -6.000600
2.604840 0.833700 -6.001200
2.643630 0.837800 -6.001200
2.682470 0.836200 -6.000700
2.720650 0.829000 -5.999600
2.757580 0.816600 -5.998000
2.792700 0.799400 -5.996100
2.825380 0.777900 -5.993700
2.854900 0.752400 -5.990900
2.880530 0.723100 -5.987900
2.901610 0.690500 -5.984500
2.917600 0.655100 -5.980900
2.928140 0.617600 -5.977200
2.933050 0.579000 -5.973500
2.932220 0.540000 -5.969700
2.925650 0.501700 -5.966100
2.913330 0.465000 -5.962700
2.895380 0.430700 -5.959500
2.872120 0.399500 -5.956700
2.844050 0.372200 -5.954400

/group/rt_crtd_FINAL/161
161
num_smooth_modes 6 center_x 0.0 center_y 0.0 center_x_in_pixels 0 pathId 300 center_y_in_pixels 0 creation_method threshold shifted_origin {12.4536 -12.4976 16.4906} creation_type threshold threshold_value 350 pos {-9.752153 13.100964 -21.717530} xhat {0.000000 0.999872 0.016014} nrm {-0.015020 -0.016012 0.999759} posId 161
2.441100 0.751000 -5.228500
2.418100 0.717000 -5.229400
2.400500 0.679600 -5.230200
2.389000 0.640400 -5.231000
2.384100 0.600400 -5.231700
2.386000 0.560500 -5.232400
2.394700 0.521500 -5.232800
2.410000 0.484000 -5.233200
2.431100 0.448800 -5.233500
2.457170 0.416900 -5.233600
2.487460 0.389200 -5.233600
2.521130 0.366600 -5.233400
2.557510 0.349500 -5.233200
2.596010 0.338200 -5.232800
2.636010 0.332500 -5.232300
2.676800 0.332200 -5.231600
2.717490 0.337200 -5.231000
2.757120 0.347400 -5.230200
2.794650 0.363100 -5.229400
2.829100 0.384100 -5.228500
2.859630 0.410500 -5.227600
2.885490 0.441600 -5.226800
2.906030 0.476600 -5.225900
2.920700 0.514500 -5.225100
2.929010 0.554300 -5.224300
2.930620 0.594700 -5.223600
2.925400 0.634900 -5.223100
2.913530 0.673700 -5.222600
2.895430 0.710300 -5.222300
2.871780 0.743500 -5.222100
2.843370 0.772500 -5.222100
2.811000 0.796600 -5.222200
2.775430 0.815400 -5.222400
2.737360 0.829100 -5.222800
2.697500 0.837700 -5.223200
2.656630 0.841500 -5.223800
2.615610 0.840400 -5.224400
2.575410 0.834200 -5.225100
2.536990 0.822300 -5.225900
2.501280 0.804400 -5.226700
2.469090 0.780500 -5.227600

/group/rt_crtd_FINAL/169
169
num_smooth_modes 6 center_x 0.0 center_y 0.0 center_x_in_pixels 0 pathId 300 center_y_in_pixels 0 creation_method threshold shifted_origin {12.4536 -12.4976 16.4906} creation_type threshold threshold_value 350 pos {-9.752233 13.041558 -21.029604} xhat {0.000000 0.986379 0.164486} nrm {0.012597 -0.164473 0.986301} posId 169
2.907630 0.496700 -4.549500
2.898060 0.459000 -4.555700
2.883780 0.423000 -4.561500
2.864820 0.389500 -4.566800
2.841290 0.359300 -4.571600
2.813410 0.333300 -4.575600
2.781630 0.312000 -4.578700
2.746630 0.296000 -4.580900
2.709260 0.285600 -4.582200
2.670520 0.281000 -4.582500
2.631420 0.282000 -4.581800
2.592910 0.288400 -4.580200
2.555820 0.300000 -4.577800
2.520790 0.316200 -4.574700
2.488330 0.336700 -4.570900
2.458820 0.361000 -4.566400
2.432600 0.388800 -4.561500
2.409900 0.419700 -4.556000
2.391100 0.453200 -4.550200
2.376500 0.489000 -4.544000
2.366500 0.526400 -4.537700
2.361600 0.564600 -4.531200
2.362100 0.602900 -4.524900
2.368400 0.640300 -4.518700
2.380500 0.676200 -4.512900
2.398400 0.709600 -4.507500
2.421600 0.740100 -4.502700
2.449600 0.767000 -4.498600
2.481330 0.789800 -4.495200
2.515990 0.808200 -4.492600
2.552600 0.821800 -4.490800
2.590340 0.830200 -4.489800
2.628530 0.833300 -4.489800
2.666600 0.830800 -4.490700
2.704050 0.822900 -4.492500
2.740360 0.809800 -4.495200
2.774940 0.791800 -4.498600
2.807070 0.769500 -4.502700
2.836000 0.743400 -4.507500
2.860990 0.714000 -4.512700
2.881430 0.681800 -4.518300
2.896890 0.647300 -4.524300
2.907190 0.611000 -4.530500
2.912330 0.573400 -4.536800
2.912430 0.535000 -4.543200

/group/rt_crtd_FINAL/172
172
num_smooth_modes 6 center_x 0.0 center_y 0.0 center_x_in_pixels 0 pathId 300 center_y_in_pixels 0 creation_method threshold shifted_origin {12.4536 -12.4976 16.4906} creation_type threshold threshold_value 375 pos {-9.748611 12.992955 -20.791425} xhat {0.000000 0.969929 0.243388} nrm {0.016767 -0.243354 0.969793} posId 172
2.905890 0.353400 -4.339900
2.886630 0.321400 -4.347600
2.863070 0.292100 -4.354600
2.835340 0.266000 -4.360600
2.803840 0.243600 -4.365700
2.769240 0.225300 -4.369700
2.732410 0.211700 -4.372500
2.694310 0.203300 -4.373900
2.655800 0.200300 -4.374000
2.617580 0.202900 -4.372700
2.580180 0.210700 -4.370100
2.543940 0.223400 -4.366300
2.509160 0.240300 -4.361400
2.476170 0.260900 -4.355700
2.445400 0.284500 -4.349300
2.417200 0.310700 -4.342200
2.392300 0.339200 -4.334600
2.370800 0.369900 -4.326500
2.353100 0.402600 -4.318000
2.339100 0.437200 -4.309100
2.328700 0.473400 -4.299800
2.321700 0.510900 -4.290300
2.317800 0.549000 -4.280700
2.317200 0.587300 -4.271100
2.320100 0.625000 -4.261600
2.327200 0.661700 -4.252600
2.339200 0.696600 -4.244000
2.356500 0.729200 -4.236100
2.379400 0.758900 -4.229100
2.407600 0.784900 -4.223000
2.440300 0.806500 -4.218200
2.476380 0.823200 -4.214600
2.514430 0.834500 -4.212400
2.553160 0.840000 -4.211700
2.591540 0.839900 -4.212400
2.628980 0.834400 -4.214400
2.665280 0.824300 -4.217600
2.700550 0.810200 -4.221700
2.734970 0.793100 -4.226600
2.768600 0.773500 -4.232100
2.801210 0.751800 -4.238100
2.832240 0.728100 -4.244600
2.860830 0.702400 -4.251600
2.886040 0.674400 -4.259000
2.907030 0.643800 -4.267100
2.923190 0.610700 -4.275600
2.934290 0.575400 -4.284700
2.940410 0.538300 -4.294100
2.941830 0.500100 -4.303700
2.938910 0.461800 -4.313300
2.931920 0.424100 -4.322600
2.920940 0.387800 -4.331600

/group/rt_crtd_FINAL/178
178
num_smooth_modes 6 center_x 0.0 center_y 0.0 center_x_in_pixels 0 pathId 300 center_y_in_pixels 0 creation_method threshold shifted_origin {12.4536 -12.4976 16.4906} creation_type threshold threshold_value 375 pos {-9.741293 12.854035 -20.410411} xhat {0.000000 0.901108 0.433595} nrm {0.021412 -0.433496 0.900901} posId 178
2.907240 0.553500 -3.829600
2.873650 0.569300 -3.821200
2.836620 0.579500 -3.815400
2.797140 0.584500 -3.812100
2.756440 0.585100 -3.810800
2.715770 0.582200 -3.811300
2.676170 0.576500 -3.813000
2.638300 0.568500 -3.816000
2.602340 0.558100 -3.820200
2.568110 0.545000 -3.825600
2.535280 0.528800 -3.832600
2.503660 0.509200 -3.841400
2.473460 0.485900 -3.851800
2.445400 0.459200 -3.864000
2.420800 0.429700 -3.877600
2.401100 0.398000 -3.892400
2.387800 0.365000 -3.908000
2.381800 0.331400 -3.924000
2.383500 0.297800 -3.940200
2.392500 0.264600 -3.956400
2.407800 0.232100 -3.972400
2.428200 0.200900 -3.987900
2.452300 0.171300 -4.002700
2.479090 0.143900 -4.016500
2.508070 0.119400 -4.029000
2.539050 0.098200 -4.040000
2.572130 0.080900 -4.049100
2.607400 0.067700 -4.056300
2.644760 0.058700 -4.061400
2.683790 0.054100 -4.064600
2.723750 0.053700 -4.065700
2.763680 0.057700 -4.064800
2.802590 0.066000 -4.061700
2.839600 0.078700 -4.056500
2.874020 0.095800 -4.049100
2.905420 0.117100 -4.039600
2.933500 0.142100 -4.028200
2.958030 0.170300 -4.015200
2.978760 0.200900 -4.001000
2.995400 0.233200 -3.985800
3.007660 0.266900 -3.969900
3.015280 0.301400 -3.953500
3.018130 0.336500 -3.936600
3.016170 0.372100 -3.919500
3.009470 0.407500 -3.902300
2.998140 0.442300 -3.885300
2.982230 0.475500 -3.868900
2.961760 0.505800 -3.853800
2.936720 0.532200 -3.840600

/group/rt_crtd_FINAL/182
182
num_smooth_modes 6 creation_method hand_drawn num_subsample_pts 40 nrm {0.033245 -0.431505 0.901498} xhat {0.000000 0.901997 0.431743} creation_type threshold pos {-9.734352 12.739677 -20.179049} pathId 300 shifted_origin {12.4536 -12.4976 16.4906} num_hand_picked_pts 14 posId 182
2.451900 0.272100 -3.664200
2.450900 0.229600 -3.684500
2.455500 0.187000 -3.705100
2.465950 0.145300 -3.725400
2.482830 0.105700 -3.745000
2.506660 0.069600 -3.763200
2.537440 0.038400 -3.779200
2.574370 0.012900 -3.792800
2.616030 -0.006600 -3.803700
2.660790 -0.020400 -3.811900
2.707200 -0.028800 -3.817700
2.754220 -0.031700 -3.820800
2.800980 -0.028400 -3.820900
2.846500 -0.018100 -3.817700
2.889360 -0.000100 -3.810600
2.927780 0.025300 -3.799900
2.959960 0.057300 -3.785800
2.984720 0.093900 -3.769200
3.001920 0.133500 -3.750800
3.012430 0.174600 -3.731600
3.017690 0.216400 -3.711700
3.018920 0.258900 -3.691400
3.016460 0.301900 -3.670800
3.009540 0.344800 -3.650000
2.996650 0.386200 -3.629700
2.976270 0.424100 -3.610800
2.947740 0.456500 -3.594200
2.911590 0.482100 -3.580600
2.869520 0.500400 -3.570300
2.823750 0.511800 -3.563200
2.776410 0.517100 -3.558900
2.729020 0.517000 -3.557200
2.682480 0.511600 -3.558100
2.637410 0.500500 -3.561800
2.594630 0.483000 -3.568500
2.555340 0.459000 -3.578600
2.521050 0.428800 -3.591800
2.493120 0.393700 -3.607500
2.472350 0.355000 -3.625300
2.458790 0.314200 -3.644300

/group/rt_crtd_FINAL/185
185
num_smooth_modes 6 center_x 0.0 center_y 0.0 center_x_in_pixels 0 pathId 300 center_y_in_pixels 0 creation_method threshold shifted_origin {12.4536 -12.4976 16.4906} creation_type threshold threshold_value 350 pos {-9.725783 12.649223 -19.973079} xhat {0.000000 0.929531 0.368744} nrm {0.041910 -0.368420 0.928714} posId 185
2.629060 -0.066100 -3.564400
2.597920 -0.046100 -3.555100
2.570230 -0.022500 -3.544400
2.545690 0.004700 -3.532500
2.523980 0.035000 -3.519500
2.505020 0.067900 -3.505600
2.489150 0.102600 -3.491100
2.477120 0.138400 -3.476400
2.469930 0.174400 -3.461800
2.468530 0.210100 -3.447600
2.473570 0.245000 -3.434000
2.485150 0.278800 -3.421100
2.502820 0.311100 -3.409100
2.525720 0.341400 -3.398100
2.552820 0.369300 -3.388200
2.583150 0.394200 -3.379700
2.616010 0.415600 -3.372700
2.650940 0.432900 -3.367400
2.687640 0.445700 -3.364000
2.725800 0.453800 -3.362500
2.764880 0.456600 -3.363200
2.804060 0.454100 -3.365900
2.842310 0.446100 -3.370800
2.878490 0.432400 -3.377900
2.911630 0.413500 -3.386900
2.941050 0.389700 -3.397600
2.966460 0.361900 -3.409800
2.987850 0.331000 -3.423100
3.005410 0.298000 -3.437000
3.019310 0.263700 -3.451200
3.029560 0.228700 -3.465500
3.035980 0.193300 -3.479800
3.038270 0.157600 -3.494100
3.036110 0.121500 -3.508400
3.029280 0.085100 -3.522500
3.017730 0.049000 -3.536300
3.001580 0.014000 -3.549400
2.981040 -0.018600 -3.561400
2.956340 -0.047600 -3.571800
2.927710 -0.071600 -3.580100
2.895390 -0.089800 -3.585800
2.859770 -0.101900 -3.589000
2.821480 -0.107900 -3.589600
2.781460 -0.108300 -3.588000
2.740940 -0.103800 -3.584400
2.701250 -0.095100 -3.579100
2.663660 -0.082500 -3.572400

/group/rt_crtd_FINAL/188
188
num_smooth_modes 6 center_x 0.0 center_y 0.0 center_x_in_pixels 0 pathId 300 center_y_in_pixels 0 creation_method threshold shifted_origin {12.4536 -12.4976 16.4906} creation_type threshold threshold_value 350 pos {-9.715080 12.560197 -19.728303} xhat {0.000000 0.948529 0.316690} nrm {0.037773 -0.316464 0.947852} posId 188
2.982960 -0.072700 -3.292600
3.001570 -0.037800 -3.281700
3.013040 -0.000400 -3.269700
3.018260 0.038200 -3.257000
3.018540 0.077200 -3.244000
3.015020 0.116100 -3.230900
3.008080 0.154600 -3.217700
2.997290 0.192200 -3.204800
2.981720 0.227900 -3.192200
2.960460 0.260600 -3.180400
2.933220 0.289000 -3.169900
2.900580 0.312300 -3.160800
2.863810 0.330000 -3.153400
2.824500 0.342000 -3.147900
2.784050 0.348200 -3.144200
2.743480 0.348800 -3.142400
2.703460 0.343500 -3.142500
2.664600 0.332000 -3.144800
2.627770 0.314400 -3.149200
2.594190 0.290900 -3.155700
2.565210 0.262400 -3.164100
2.541980 0.230000 -3.174000
2.525040 0.195000 -3.185000
2.514220 0.158200 -3.196800
2.508880 0.120200 -3.209300
2.508300 0.081400 -3.222300
2.512150 0.042200 -3.235500
2.520670 0.003500 -3.248700
2.534550 -0.033400 -3.261600
2.554430 -0.067100 -3.273700
2.580480 -0.096100 -3.284400
2.612120 -0.119600 -3.293500
2.648150 -0.137500 -3.300900
2.687030 -0.150400 -3.306800
2.727410 -0.158700 -3.311200
2.768370 -0.163000 -3.314200
2.809350 -0.162900 -3.315800
2.849830 -0.157700 -3.315700
2.888950 -0.146300 -3.313400
2.925330 -0.128100 -3.308800
2.957210 -0.103300 -3.301800

/group/rt_crtd_FINAL/191
191
num_smooth_modes 6 center_x 0.0 center_y 0.0 center_x_in_pixels 0 pathId 300 center_y_in_pixels 0 creation_method threshold shifted_origin {12.4536 -12.4976 16.4906} creation_type threshold threshold_value 350 pos {-9.706798 12.479160 -19.466590} xhat {0.000000 0.961766 0.273872} nrm {0.019524 -0.273820 0.961583} posId 191
2.962190 -0.110600 -3.006600
2.939940 -0.140200 -3.014600
2.910040 -0.164300 -3.020800
2.874640 -0.182400 -3.025300
2.836380 -0.194600 -3.028000
2.797390 -0.201200 -3.029100
2.758690 -0.202800 -3.028700
2.720450 -0.199400 -3.027000
2.682730 -0.190800 -3.023800
2.646280 -0.176500 -3.019000
2.612780 -0.156100 -3.012500
2.584340 -0.129900 -3.004400
2.562730 -0.098600 -2.995100
2.548700 -0.063700 -2.984800
2.541890 -0.026700 -2.974200
2.541400 0.011000 -2.963400
2.546470 0.048300 -2.952900
2.556890 0.084500 -2.942800
2.572910 0.119000 -2.933300
2.594740 0.150800 -2.924700
2.622060 0.178600 -2.917300
2.653920 0.201200 -2.911600
2.689050 0.217100 -2.907700
2.726230 0.225700 -2.906100
2.764530 0.226800 -2.906500
2.803140 0.220800 -2.909000
2.840950 0.208400 -2.913300
2.876440 0.190500 -2.919100
2.907820 0.167700 -2.926200
2.933670 0.140500 -2.934500
2.953440 0.109400 -2.943800
2.967530 0.075000 -2.953900
2.976830 0.038000 -2.964600
2.981810 -0.000600 -2.975700
2.982000 -0.039200 -2.986700
2.975980 -0.076400 -2.997200

/group/rt_crtd_FINAL/196
196
num_smooth_modes 6 creation_method hand_drawn num_subsample_pts 27 nrm {-0.053694 -0.188646 0.980576} xhat {0.000000 0.981993 0.188919} creation_type threshold pos {-9.711361 12.379693 -19.058315} pathId 300 shifted_origin {12.4536 -12.4976 16.4906} num_hand_picked_pts 16 posId 196
2.545640 -0.095600 -2.574200
2.549630 -0.140300 -2.582600
2.565350 -0.183500 -2.590000
2.592890 -0.222700 -2.596100
2.629210 -0.254200 -2.600100
2.670280 -0.275700 -2.602000
2.713990 -0.287200 -2.601800
2.760310 -0.289700 -2.599800
2.808410 -0.283600 -2.596000
2.854140 -0.267700 -2.590400
2.891260 -0.240800 -2.583200
2.915700 -0.204100 -2.574800
2.928300 -0.160500 -2.565700
2.933050 -0.113800 -2.556500
2.932560 -0.066400 -2.547400
2.925440 -0.020700 -2.539000
2.908080 0.021100 -2.531900
2.878690 0.055900 -2.526800
2.839330 0.081800 -2.524000
2.794280 0.098400 -2.523200
2.747280 0.106300 -2.524300
2.700600 0.105300 -2.527100
2.656350 0.093800 -2.531700
2.617430 0.070300 -2.538300
2.586570 0.035900 -2.546700
2.564720 -0.005800 -2.555900
2.551190 -0.050500 -2.565200

/group/rt_crtd_FINAL/202
202
num_smooth_modes 6 creation_method hand_drawn num_subsample_pts 27 nrm {-0.109383 -0.065103 0.991865} xhat {0.000000 0.997853 0.065496} creation_type threshold pos {-9.748778 12.326442 -18.644947} pathId 300 shifted_origin {12.4536 -12.4976 16.4906} num_hand_picked_pts 15 posId 202
2.509180 -0.145900 -2.174300
2.511510 -0.191400 -2.177000
2.526900 -0.234800 -2.178100
2.554330 -0.273900 -2.177700
2.590240 -0.306000 -2.175800
2.630780 -0.329300 -2.172900
2.674030 -0.343800 -2.169100
2.719890 -0.350100 -2.164400
2.767430 -0.347500 -2.159000
2.812660 -0.334000 -2.153100
2.849530 -0.307900 -2.147400
2.873750 -0.270200 -2.142200
2.885720 -0.225100 -2.137900
2.889610 -0.177500 -2.134400
2.889270 -0.130000 -2.131300
2.884830 -0.083300 -2.128700
2.872990 -0.038100 -2.127100
2.850290 0.002700 -2.126900
2.816280 0.034400 -2.128600
2.773810 0.053400 -2.132000
2.727220 0.059100 -2.136800
2.680400 0.053300 -2.142300
2.636190 0.038200 -2.148200
2.596680 0.014600 -2.154100
2.563320 -0.017400 -2.159900
2.536970 -0.056500 -2.165300
2.518420 -0.100200 -2.170200

/group/rt_crtd_FINAL/211
211
num_smooth_modes 6 center_x 0.0 center_y 0.0 center_x_in_pixels 0 pathId 300 center_y_in_pixels 0 creation_method threshold shifted_origin {12.4536 -12.4976 16.4906} creation_type threshold threshold_value 350 pos {-9.809535 12.320062 -17.969781} xhat {0.000000 0.999348 -0.036108} nrm {-0.082116 0.035986 0.995973} posId 211
2.840230 -0.128100 -1.464800
2.838370 -0.162800 -1.463700
2.831120 -0.197000 -1.463100
2.818840 -0.229900 -1.462900
2.801710 -0.260400 -1.463200
2.779800 -0.287600 -1.464000
2.753360 -0.310300 -1.465400
2.723040 -0.327200 -1.467300
2.689950 -0.337700 -1.469600
2.655460 -0.341400 -1.472300
2.620930 -0.338300 -1.475300
2.587410 -0.329000 -1.478400
2.555660 -0.314400 -1.481500
2.526330 -0.295200 -1.484600
2.500180 -0.272000 -1.487600
2.478180 -0.245200 -1.490400
2.461390 -0.215100 -1.492900
2.450600 -0.182300 -1.495000
2.446300 -0.147700 -1.496600
2.448300 -0.112500 -1.497700
2.456050 -0.078000 -1.498300
2.469140 -0.045500 -1.498400
2.487180 -0.016000 -1.498000
2.509920 0.009800 -1.497000
2.537010 0.031300 -1.495600
2.567800 0.048100 -1.493600
2.601210 0.059500 -1.491300
2.635920 0.065000 -1.488600
2.670570 0.064100 -1.485700
2.704060 0.056700 -1.482700
2.735540 0.042900 -1.479600
2.764300 0.023500 -1.476500
2.789600 -0.000900 -1.473600
2.810560 -0.029200 -1.470800
2.826330 -0.060500 -1.468400
2.836290 -0.093700 -1.466400

/group/rt_crtd_FINAL/221
221
num_smooth_modes 6 center_x 0.0 center_y 0.0 center_x_in_pixels 0 pathId 300 center_y_in_pixels 0 creation_method threshold shifted_origin {12.4536 -12.4976 16.4906} creation_type threshold threshold_value 400 pos {-9.901646 12.394848 -17.055520} xhat {0.000000 0.993666 -0.112372} nrm {-0.097635 0.111835 0.988919} posId 221
2.452100 -0.199400 -0.563800
2.422000 -0.171300 -0.570000
2.397200 -0.138300 -0.576200
2.380400 -0.101000 -0.582100
2.374100 -0.060700 -0.587200
2.379700 -0.020000 -0.591300
2.396100 0.018200 -0.594000
2.420900 0.051700 -0.595300
2.451800 0.079500 -0.595400
2.487230 0.100900 -0.594300
2.526230 0.114900 -0.592100
2.567350 0.120400 -0.588600
2.608560 0.116600 -0.584100
2.647670 0.103700 -0.578800
2.682800 0.082400 -0.572900
2.712430 0.053900 -0.566800
2.735000 0.019500 -0.560700
2.748830 -0.019200 -0.554900
2.752720 -0.060100 -0.549900
2.746610 -0.101000 -0.545900
2.731590 -0.139700 -0.543000
2.709070 -0.174500 -0.541300
2.680070 -0.204200 -0.540800
2.645370 -0.227000 -0.541600
2.606260 -0.240900 -0.543900
2.565010 -0.244600 -0.547600
2.524390 -0.237800 -0.552400
2.486450 -0.222100 -0.557900

/group/rt_crtd_FINAL/230
230
num_smooth_modes 6 center_x 0.0 center_y 0.0 center_x_in_pixels 0 pathId 300 center_y_in_pixels 0 creation_method threshold shifted_origin {12.4536 -12.4976 16.4906} creation_type threshold threshold_value 400 pos {-9.943883 12.500460 -16.172868} xhat {0.000000 0.991754 -0.128153} nrm {0.011154 0.128145 0.991693} posId 230
2.662730 -0.045400 0.322200
2.643690 -0.076700 0.326500
2.619020 -0.103400 0.330200
2.589680 -0.124300 0.333300
2.556700 -0.139200 0.335600
2.521200 -0.147800 0.337100
2.484380 -0.150200 0.337800
2.447600 -0.146200 0.337700
2.412400 -0.135900 0.336800
2.380200 -0.119100 0.335000
2.352500 -0.096100 0.332300
2.330700 -0.067400 0.328800
2.315500 -0.034300 0.324700
2.307400 0.001500 0.320200
2.306400 0.038100 0.315500
2.312100 0.074000 0.310800
2.324400 0.107700 0.306300
2.342900 0.138500 0.302100
2.367000 0.165600 0.298300
2.396000 0.188300 0.295100
2.428800 0.205400 0.292500
2.463980 0.215800 0.290700
2.500000 0.218500 0.290000
2.535540 0.213100 0.290300
2.569460 0.200200 0.291600
2.600750 0.180700 0.293700
2.628390 0.156100 0.296600
2.651250 0.127400 0.300000
2.668140 0.095500 0.304000
2.678080 0.061100 0.308300
2.680480 0.025200 0.312900
2.675230 -0.010800 0.317600

/group/rt_crtd_FINAL/239
239
num_smooth_modes 6 center_x 0.0 center_y 0.0 center_x_in_pixels 0 pathId 300 center_y_in_pixels 0 creation_method threshold shifted_origin {12.4536 -12.4976 16.4906} creation_type threshold threshold_value 400 pos {-9.894002 12.630531 -15.379367} xhat {0.000000 0.976807 -0.214122} nrm {0.114360 0.212717 0.970398} posId 239
2.728460 0.081200 1.102700
2.709330 0.049600 1.111900
2.684950 0.021700 1.120800
2.656010 -0.001600 1.129400
2.622990 -0.018900 1.137100
2.586860 -0.028500 1.143400
2.549290 -0.029000 1.147900
2.512360 -0.020500 1.150400
2.477880 -0.004100 1.150900
2.447200 0.018600 1.149600
2.421200 0.046200 1.146600
2.401000 0.077900 1.142000
2.387800 0.112900 1.135900
2.382400 0.149800 1.128400
2.385100 0.187000 1.120000
2.395500 0.222500 1.110900
2.412900 0.254900 1.101800
2.436600 0.283100 1.092800
2.465990 0.305700 1.084400
2.499930 0.321400 1.076900
2.536780 0.329000 1.070900
2.574490 0.327900 1.066700
2.611200 0.318900 1.064400
2.645690 0.303000 1.063800
2.677130 0.281500 1.064800
2.704530 0.255000 1.067400
2.726270 0.224000 1.071600
2.740370 0.189300 1.077600
2.745350 0.152500 1.085100
2.741010 0.115900 1.093600

/group/rt_crtd_FINAL/244
244
num_smooth_modes 6 xhat {0.000000 0.953894 -0.300145} nrm {0.157915 0.296379 0.941925} num_subsample_pts 22 creation_method hand_drawn pathId 300 pos {-9.843420 12.723258 -15.023750} creation_type threshold shifted_origin {12.4536 -12.4976 16.4906} posId 244 num_hand_picked_pts 12
2.489920 0.298000 1.464200
2.470220 0.257800 1.480200
2.462060 0.214300 1.495300
2.468280 0.170600 1.507900
2.490170 0.130900 1.516800
2.524630 0.098800 1.521100
2.565920 0.075300 1.521600
2.610010 0.060200 1.518900
2.655510 0.055100 1.512900
2.699910 0.063700 1.502800
2.737850 0.087300 1.489000
2.764550 0.122100 1.473600
2.779630 0.162800 1.458200
2.785150 0.206600 1.443500
2.781020 0.251700 1.430000
2.764550 0.294100 1.419400
2.734580 0.327800 1.413900
2.694110 0.349600 1.413800
2.648280 0.360500 1.418000
2.601560 0.362000 1.425400
2.557500 0.352700 1.435700
2.519460 0.331000 1.448900

/group/rt_crtd_FINAL/247
247
num_smooth_modes 6 xhat {0.000000 0.927519 -0.373776} nrm {0.171822 0.368217 0.913725} num_subsample_pts 21 creation_method hand_drawn pathId 300 pos {-9.811397 12.786418 -14.844866} creation_type threshold shifted_origin {12.4536 -12.4976 16.4906} posId 247 num_hand_picked_pts 11
2.532030 0.315500 1.655700
2.523820 0.275200 1.673500
2.524860 0.231100 1.691100
2.536920 0.188200 1.706100
2.563160 0.154200 1.714900
2.602130 0.131800 1.716500
2.647610 0.118400 1.713400
2.693640 0.113100 1.706900
2.736120 0.120500 1.695900
2.770640 0.144100 1.679900
2.793340 0.180300 1.661100
2.804640 0.221600 1.642300
2.807720 0.264200 1.624500
2.802350 0.306800 1.608400
2.784140 0.346400 1.595900
2.751520 0.378200 1.589100
2.709550 0.399000 1.588600
2.665150 0.407300 1.593700
2.621990 0.401500 1.604100
2.582580 0.381700 1.619500
2.551380 0.351500 1.637500

/group/rt_crtd_FINAL/252
252
num_smooth_modes 6 xhat {0.000000 0.820351 -0.571861} nrm {0.097532 0.569134 0.816440} num_subsample_pts 20 creation_method hand_drawn pathId 300 pos {-9.770873 12.908656 -14.608611} creation_type threshold shifted_origin {12.4536 -12.4976 16.4906} posId 252 num_hand_picked_pts 11
2.590380 0.488100 1.839300
2.570630 0.455800 1.864200
2.568840 0.417500 1.891100
2.581430 0.379200 1.916300
2.605480 0.345400 1.937000
2.639910 0.318700 1.951500
2.682350 0.299800 1.959600
2.728620 0.289300 1.961400
2.774580 0.289400 1.955800
2.816020 0.302700 1.941600
2.848090 0.328800 1.919600
2.867390 0.363500 1.893100
2.873240 0.401300 1.866000
2.865360 0.438900 1.840800
2.842670 0.473500 1.819400
2.806700 0.500900 1.804600
2.763210 0.517700 1.798000
2.717510 0.523900 1.799100
2.671220 0.521500 1.806400
2.626490 0.510100 1.819700

/group/rt_crtd_FINAL/258
258
num_smooth_modes 6 xhat {0.000000 0.476975 -0.878917} nrm {-0.252006 0.850550 0.461581} num_subsample_pts 21 creation_method hand_drawn pathId 300 pos {-9.783646 13.097571 -14.432346} creation_type threshold shifted_origin {12.4536 -12.4976 16.4906} posId 258 num_hand_picked_pts 10
2.554820 0.598300 1.998400
2.553180 0.576200 2.038300
2.565160 0.556500 2.081100
2.586310 0.540400 2.122300
2.615300 0.530600 2.156200
2.653460 0.529100 2.179900
2.699490 0.534800 2.194400
2.747150 0.545800 2.200200
2.789070 0.561600 2.194000
2.821400 0.582900 2.172400
2.843470 0.608200 2.137900
2.854650 0.633500 2.097300
2.853380 0.655500 2.056200
2.838830 0.672700 2.016400
2.812110 0.685000 1.979200
2.775960 0.691300 1.947900
2.733830 0.690600 1.926200
2.689220 0.682500 1.916700
2.645110 0.667500 1.920300
2.604720 0.646700 1.936600
2.572810 0.622500 1.963600

/group/rt_crtd_FINAL/266
266
num_smooth_modes 6 xhat {0.000000 0.027276 -0.999628} nrm {-0.706400 0.707549 0.019306} num_subsample_pts 23 creation_method hand_drawn pathId 300 pos {-9.990538 13.420869 -14.355690} creation_type threshold shifted_origin {12.4536 -12.4976 16.4906} posId 266 num_hand_picked_pts 10
2.358100 0.820000 2.081700
2.345400 0.806100 2.124600
2.341700 0.801100 2.169300
2.346900 0.805100 2.214800
2.361200 0.818200 2.258200
2.383800 0.839800 2.293800
2.412600 0.867900 2.316200
2.444400 0.899400 2.325500
2.477280 0.932300 2.324400
2.510160 0.965400 2.314500
2.540660 0.996400 2.294300
2.564620 1.021200 2.263300
2.578980 1.036600 2.223300
2.584240 1.043100 2.177800
2.582790 1.042900 2.129500
2.575040 1.036500 2.082500
2.558950 1.021500 2.043000
2.533540 0.996900 2.016200
2.501600 0.965400 2.002200
2.467880 0.931800 1.997800
2.435600 0.899500 2.001700
2.405600 0.869100 2.016300
2.379000 0.841800 2.043800

/group/rt_crtd_FINAL/277
277
num_smooth_modes 6 xhat {0.000000 0.208081 0.978112} nrm {-0.812412 0.570321 -0.121328} num_subsample_pts 23 creation_method hand_drawn pathId 300 pos {-10.614765 13.899194 -14.410970} creation_type threshold shifted_origin {12.4536 -12.4976 16.4906} posId 277 num_hand_picked_pts 13
1.915200 1.508400 2.070500
1.910900 1.492800 2.026000
1.899200 1.467900 1.987000
1.879800 1.434600 1.960200
1.854900 1.396600 1.948800
1.827500 1.357700 1.949300
1.799500 1.319700 1.957800
1.772700 1.285100 1.975300
1.749600 1.258800 2.005500
1.733200 1.244300 2.047600
1.723800 1.241000 2.094900
1.719700 1.245200 2.142000
1.720200 1.255700 2.187900
1.727000 1.274600 2.231300
1.742300 1.303600 2.265700
1.765000 1.340000 2.284500
1.791800 1.378800 2.287500
1.819700 1.417100 2.280500
1.847300 1.453400 2.266700
1.872800 1.484800 2.243400
1.893400 1.506600 2.208100
1.907000 1.516600 2.163700
1.913800 1.516200 2.116700

/group/rt_crtd_FINAL/282
282
num_smooth_modes 6 xhat {0.000000 0.052285 -0.998632} nrm {-0.786520 0.616721 0.032289} num_subsample_pts 23 creation_method hand_drawn pathId 300 pos {-10.873675 14.088556 -14.434885} creation_type threshold shifted_origin {12.4536 -12.4976 16.4906} posId 282 num_hand_picked_pts 13
1.454500 1.428400 2.105500
1.456600 1.428600 2.152500
1.466700 1.439100 2.196600
1.485400 1.461100 2.233000
1.510500 1.491800 2.258800
1.538700 1.526900 2.274200
1.567800 1.563700 2.280200
1.596400 1.600500 2.275400
1.622400 1.634500 2.256900
1.642900 1.662500 2.225100
1.656800 1.682200 2.184600
1.664000 1.693800 2.140000
1.664600 1.696900 2.093600
1.657400 1.690200 2.047400
1.642000 1.672700 2.005700
1.619800 1.646200 1.973600
1.593600 1.613700 1.953000
1.565000 1.577800 1.942300
1.535400 1.540100 1.941200
1.507100 1.503500 1.952100
1.483900 1.472600 1.977200
1.467800 1.450100 2.014400
1.458500 1.435900 2.058600

/group/rt_crtd_FINAL/289
289
num_smooth_modes 6 xhat {0.000000 0.724540 -0.689233} nrm {-0.523394 0.587289 0.617373} num_subsample_pts 23 creation_method hand_drawn pathId 300 pos {-11.156884 14.351434 -14.295950} creation_type threshold shifted_origin {12.4536 -12.4976 16.4906} posId 289 num_hand_picked_pts 11
1.144700 1.769800 2.145700
1.147100 1.737300 2.178700
1.159800 1.711600 2.213900
1.184300 1.696900 2.248600
1.218300 1.695000 2.279300
1.257000 1.703800 2.303700
1.296300 1.720700 2.321000
1.333800 1.744600 2.330000
1.366800 1.775400 2.328600
1.392100 1.811400 2.315900
1.408200 1.848900 2.293900
1.415400 1.884400 2.266100
1.414200 1.916500 2.234700
1.404200 1.944100 2.200000
1.384600 1.964900 2.163500
1.356300 1.975900 2.129000
1.321900 1.975300 2.100400
1.284200 1.963400 2.079800
1.245600 1.941600 2.067800
1.209500 1.912200 2.065200
1.180400 1.877900 2.073100
1.160600 1.841500 2.091000
1.149400 1.805100 2.116100

/group/rt_crtd_FINAL/293
293
num_smooth_modes 6 xhat {0.000000 0.849919 -0.526913} nrm {-0.405153 0.481729 0.777038} num_subsample_pts 22 creation_method hand_drawn pathId 300 pos {-11.283352 14.499687 -14.100748} creation_type threshold shifted_origin {12.4536 -12.4976 16.4906} posId 293 num_hand_picked_pts 11
1.037000 1.996000 2.324100
1.037000 1.957900 2.347700
1.051100 1.924900 2.375600
1.077300 1.899400 2.405000
1.110500 1.883700 2.432100
1.148500 1.879400 2.454600
1.190700 1.886100 2.472400
1.233400 1.903100 2.484200
1.269700 1.929800 2.486500
1.295500 1.964900 2.478200
1.312800 2.005300 2.462200
1.323500 2.046700 2.442100
1.324900 2.085400 2.418800
1.312900 2.119300 2.391600
1.287800 2.145600 2.362200
1.254000 2.161400 2.334800
1.215400 2.165000 2.312400
1.173600 2.157000 2.295600
1.132000 2.138800 2.285100
1.095800 2.111700 2.283100
1.068200 2.076700 2.290400
1.048500 2.036800 2.304900

/group/rt_crtd_FINAL/298
298
num_smooth_modes 6 xhat {0.000000 0.934607 -0.355682} nrm {-0.358096 0.332095 0.872628} num_subsample_pts 23 creation_method hand_drawn pathId 300 pos {-11.420044 14.648194 -13.798309} creation_type threshold shifted_origin {12.4536 -12.4976 16.4906} posId 298 num_hand_picked_pts 13
0.952100 2.147200 2.660200
0.958400 2.104800 2.678800
0.976200 2.068600 2.700000
1.007000 2.043800 2.722000
1.047300 2.032300 2.742900
1.091200 2.032000 2.761100
1.134000 2.041100 2.775200
1.173600 2.060900 2.783900
1.207800 2.092400 2.785900
1.233400 2.132400 2.781200
1.247800 2.175200 2.770800
1.250800 2.217700 2.755900
1.244200 2.259700 2.737200
1.229000 2.299500 2.715800
1.204500 2.332000 2.693400
1.170700 2.352300 2.671800
1.129800 2.359300 2.652400
1.085800 2.354800 2.636000
1.043400 2.339800 2.624400
1.007100 2.313500 2.619500
0.980100 2.277200 2.622200
0.962900 2.235100 2.631100
0.954100 2.191200 2.644200

/group/rt_crtd_FINAL/303
303
num_smooth_modes 6 xhat {0.000000 0.936685 -0.350172} nrm {-0.336485 0.329753 0.882066} num_subsample_pts 23 creation_method hand_drawn pathId 300 pos {-11.538518 14.754496 -13.496835} creation_type threshold shifted_origin {12.4536 -12.4976 16.4906} posId 303 num_hand_picked_pts 16
1.171200 2.332600 3.063200
1.164600 2.374800 3.044900
1.144800 2.411500 3.023600
1.113400 2.441100 3.000600
1.074900 2.461300 2.978300
1.033200 2.469400 2.959400
0.989800 2.464200 2.944700
0.945500 2.447200 2.934200
0.904100 2.420800 2.928300
0.871400 2.387100 2.928500
0.851000 2.346700 2.935700
0.842100 2.301600 2.949200
0.843100 2.255700 2.966800
0.854400 2.213800 2.986700
0.877600 2.180100 3.008200
0.912200 2.156600 3.030100
0.954200 2.144400 3.050700
0.999000 2.143400 3.068200
1.043500 2.153600 3.081400
1.085500 2.174300 3.089700
1.121700 2.204700 3.092100
1.149000 2.243400 3.088000
1.165700 2.287500 3.077900

/group/rt_crtd_FINAL/307
307
num_smooth_modes 6 xhat {0.000000 0.824831 -0.565379} nrm {-0.309366 0.537643 0.784367} num_subsample_pts 23 creation_method hand_drawn pathId 300 pos {-11.613435 14.848187 -13.301629} creation_type threshold shifted_origin {12.4536 -12.4976 16.4906} posId 307 num_hand_picked_pts 15
0.747900 2.340200 3.159700
0.753800 2.303500 3.187200
0.772300 2.272300 3.215900
0.802000 2.247900 3.244300
0.839700 2.232200 3.269900
0.881600 2.226900 3.290100
0.925500 2.232700 3.303500
0.970200 2.248600 3.310200
1.012000 2.273000 3.309900
1.045500 2.304600 3.301500
1.067100 2.341600 3.284600
1.077500 2.381700 3.261300
1.078600 2.421800 3.234200
1.069900 2.458500 3.205600
1.048900 2.488300 3.176900
1.015400 2.508000 3.150200
0.973700 2.515800 3.128400
0.928800 2.512300 3.113100
0.884100 2.499900 3.103900
0.841200 2.480300 3.100500
0.802800 2.453400 3.103800
0.772900 2.419300 3.115400
0.754300 2.380100 3.134900

/group/rt_crtd_FINAL/310
310
num_smooth_modes 6 center_x 0.0 center_y 0.0 center_x_in_pixels 0 pathId 300 center_y_in_pixels 0 creation_method threshold shifted_origin {12.4536 -12.4976 16.4906} creation_type threshold threshold_value 400 pos {-11.653494 14.940477 -13.202238} xhat {0.000000 0.601036 -0.799222} nrm {-0.238696 0.776120 0.583662} posId 310
0.987800 2.547800 3.225600
0.957300 2.557000 3.200800
0.919000 2.558500 3.183300
0.877500 2.553800 3.172400
0.836800 2.545100 3.167400
0.797800 2.532600 3.168100
0.759800 2.515900 3.174700
0.724200 2.495000 3.188100
0.696900 2.471100 3.208600
0.683500 2.446300 3.236100
0.685000 2.422200 3.268800
0.696900 2.399600 3.303700
0.714100 2.379400 3.337600
0.735800 2.362900 3.368500
0.764200 2.351500 3.395300
0.800200 2.345900 3.417400
0.840800 2.346400 3.433300
0.881200 2.353100 3.440900
0.919000 2.366300 3.438800
0.954000 2.385700 3.427400
0.985500 2.409200 3.408900
1.010500 2.434600 3.385400
1.025200 2.459900 3.357700
1.028600 2.484900 3.326000
1.022600 2.509100 3.291300
1.009100 2.531000 3.256600

/group/rt_crtd_FINAL/312
312
num_smooth_modes 6 creation_method hand_drawn num_subsample_pts 24 nrm {-0.144520 0.916440 0.373165} xhat {0.000000 0.377124 -0.926163} creation_type threshold pos {-11.669911 15.010375 -13.161585} pathId 300 shifted_origin {12.4536 -12.4976 16.4906} num_hand_picked_pts 13 posId 312
0.637300 2.498400 3.307600
0.640600 2.482100 3.348900
0.657200 2.468400 3.389100
0.684900 2.457800 3.425700
0.719900 2.451200 3.455400
0.759800 2.449500 3.475200
0.803900 2.452600 3.484500
0.850400 2.459900 3.484600
0.895500 2.470500 3.476100
0.934400 2.484100 3.457800
0.964300 2.500500 3.429100
0.984700 2.519000 3.391500
0.994500 2.537800 3.349300
0.992000 2.554600 3.307000
0.975700 2.568200 3.267400
0.947300 2.577900 3.232400
0.910900 2.583800 3.203800
0.869700 2.585700 3.183200
0.825400 2.583300 3.171900
0.779800 2.576800 3.170400
0.735900 2.566100 3.179400
0.697600 2.551900 3.199500
0.667500 2.534900 3.229700
0.646900 2.516500 3.267000

/group/rt_crtd_FINAL/318
318
num_smooth_modes 6 num_subsample_pts 22 pathId 300 creation_method hand_drawn creation_type threshold modified_as_spline 1 shifted_origin {12.4536 -12.4976 16.4906} pos {-11.652745 15.232599 -13.173726} xhat {0.000000 0.472322 0.881426} nrm {0.291187 0.843230 -0.451854} posId 318 num_hand_picked_pts 14
0.620200 2.787800 3.300200
0.639100 2.807400 3.349000
0.669700 2.818400 3.389200
0.714000 2.820700 3.422000
0.761700 2.811100 3.434800
0.812900 2.796100 3.439900
0.860800 2.773700 3.428900
0.906700 2.750000 3.414200
0.932200 2.722400 3.379200
0.943100 2.695700 3.336300
0.942900 2.671900 3.291900
0.926300 2.654100 3.248000
0.893800 2.645600 3.211000
0.849800 2.647800 3.186900
0.802100 2.657300 3.173800
0.754000 2.670400 3.167200
0.706800 2.687500 3.168800
0.665300 2.710300 3.184600
0.636600 2.736800 3.215500
0.622200 2.763800 3.256600

/group/rt_crtd_FINAL/322
322
num_smooth_modes 6 num_subsample_pts 22 pathId 300 creation_method hand_drawn creation_type threshold modified_as_spline 1 shifted_origin {12.4536 -12.4976 16.4906} pos {-11.584520 15.377826 -13.277822} xhat {0.000000 0.627689 0.778464} nrm {0.395545 0.714978 -0.576499} posId 322 num_hand_picked_pts 11
0.854200 2.971700 3.315500
0.893300 2.944000 3.308000
0.923200 2.910800 3.287300
0.938700 2.876400 3.255300
0.936500 2.846000 3.216100
0.921600 2.821200 3.175200
0.895100 2.804800 3.136600
0.859600 2.796800 3.102400
0.817400 2.799200 3.076400
0.771500 2.812300 3.061100
0.727200 2.835200 3.059100
0.689900 2.866000 3.071700
0.668700 2.902600 3.102600
0.658800 2.934900 3.135900
0.659100 2.966600 3.175300
0.668500 2.990400 3.211300
0.693300 3.005700 3.247300
0.731200 3.009500 3.277900
0.768500 3.005100 3.298000
0.810500 2.993300 3.312300

/group/rt_crtd_FINAL/326
326
num_smooth_modes 6 num_subsample_pts 24 pathId 300 creation_method hand_drawn modified_as_spline 1 creation_type threshold shifted_origin {12.4536 -12.4976 16.4906} pos {-11.499902 15.533696 -13.387996} xhat {0.000000 0.467021 0.884246} nrm {0.398972 0.810821 -0.428241} posId 326 num_hand_picked_pts 13
1.046400 2.981100 3.085000
1.039800 2.959100 3.037100
1.021100 2.945500 2.994000
0.983700 2.944700 2.957700
0.942800 2.950300 2.930100
0.892700 2.966700 2.914500
0.850000 2.986900 2.912800
0.810500 3.013500 2.926400
0.774600 3.043400 2.949500
0.755300 3.072700 2.987100
0.746200 3.099100 3.028600
0.754000 3.119900 3.075100
0.776800 3.131800 3.119000
0.810300 3.134200 3.154700
0.850900 3.128100 3.181100
0.896800 3.112800 3.194800
0.943400 3.092600 3.200100
0.985700 3.066300 3.189700
1.020000 3.036800 3.165900
1.038300 3.007800 3.127900

/group/rt_crtd_FINAL/332
332
num_smooth_modes 6 num_subsample_pts 24 pathId 300 creation_method hand_drawn modified_as_spline 1 creation_type threshold shifted_origin {12.4536 -12.4976 16.4906} pos {-11.405706 15.806612 -13.432421} xhat {0.000000 0.146494 -0.989212} nrm {0.194732 0.970275 0.143690} posId 332 num_hand_picked_pts 12
0.862600 3.347200 3.050500
0.873700 3.337200 3.102700
0.897100 3.325700 3.148800
0.934900 3.313200 3.181400
0.981000 3.301100 3.201100
1.030500 3.291100 3.201500
1.080900 3.282600 3.190200
1.127400 3.276900 3.165800
1.162800 3.275500 3.127100
1.185300 3.278000 3.080000
1.195200 3.283400 3.029900
1.185900 3.292700 2.980000
1.162300 3.304300 2.933900
1.125600 3.316400 2.901800
1.080900 3.328100 2.883600
1.029800 3.339200 2.877500
0.981600 3.346600 2.893300
0.933600 3.352400 2.919200
0.899200 3.354000 2.954900
0.872200 3.352400 3.001800

/group/rt_crtd_FINAL/338
338
num_smooth_modes 6 xhat {0.000000 0.696320 -0.717731} nrm {-0.258795 0.693280 0.672598} num_subsample_pts 23 creation_method hand_drawn pathId 300 pos {-11.403674 16.037156 -13.329703} creation_type threshold shifted_origin {12.4536 -12.4976 16.4906} posId 338 num_hand_picked_pts 13
0.878900 3.514200 3.121300
0.883100 3.483500 3.154500
0.901100 3.457700 3.188000
0.927800 3.437000 3.219600
0.960000 3.421700 3.247700
0.998100 3.414100 3.270200
1.041700 3.415800 3.285300
1.087000 3.426700 3.291500
1.127800 3.445600 3.287700
1.160000 3.471800 3.273100
1.183300 3.503700 3.249200
1.198300 3.537900 3.219700
1.203700 3.570500 3.188200
1.197800 3.599800 3.155700
1.180200 3.625800 3.122200
1.152600 3.646900 3.089800
1.117100 3.658700 3.064000
1.076000 3.657800 3.049000
1.032100 3.645800 3.044500
0.989000 3.627100 3.047200
0.949500 3.604900 3.054900
0.915600 3.578400 3.069200
0.890600 3.547200 3.091700

/group/rt_crtd_FINAL/344
344
num_smooth_modes 8 creation_method hand_drawn num_subsample_pts 22 nrm {-0.495783 -0.045391 0.867259} xhat {0.000000 0.998633 0.052267} creation_type threshold pos {-11.507057 16.113377 -13.135916} pathId 300 shifted_origin {12.4536 -12.4976 16.4906} num_hand_picked_pts 12 posId 344
0.841100 3.608600 3.294100
0.848200 3.562900 3.295700
0.863400 3.517900 3.302000
0.888000 3.483000 3.314300
0.923800 3.464300 3.333700
0.965000 3.457300 3.356900
1.005000 3.457800 3.379800
1.043200 3.469200 3.402300
1.078200 3.493000 3.423500
1.104400 3.526800 3.440300
1.117300 3.569000 3.449800
1.117800 3.616200 3.452600
1.109700 3.662100 3.450400
1.092500 3.702500 3.442600
1.063100 3.734100 3.427500
1.025800 3.754300 3.407300
0.987300 3.765200 3.385800
0.947100 3.769700 3.363100
0.906500 3.763300 3.339500
0.874800 3.739000 3.320100
0.855500 3.699200 3.307000
0.844200 3.653700 3.298200

/group/rt_crtd_FINAL/355
355
num_smooth_modes 8 creation_method hand_drawn num_subsample_pts 22 nrm {-0.139252 -0.654594 0.743045} xhat {0.000000 0.750356 0.661034} creation_type threshold pos {-11.691301 15.841553 -12.665427} pathId 300 shifted_origin {12.4536 -12.4976 16.4906} num_hand_picked_pts 13 posId 355
0.596700 3.361800 3.809800
0.601500 3.327000 3.780100
0.620600 3.291600 3.752500
0.646800 3.258700 3.728400
0.683300 3.235200 3.714600
0.730600 3.222800 3.712500
0.778400 3.218400 3.717500
0.823500 3.221900 3.729100
0.866600 3.234700 3.748500
0.899600 3.257000 3.774300
0.917000 3.287900 3.804800
0.922700 3.323600 3.837300
0.918600 3.359700 3.868400
0.904100 3.395300 3.897000
0.877600 3.427200 3.920200
0.837800 3.449200 3.932000
0.790800 3.461200 3.933800
0.743800 3.467300 3.930400
0.696900 3.465700 3.920200
0.654800 3.452300 3.900500
0.625900 3.427800 3.873500
0.607400 3.396200 3.842200

/group/rt_crtd_FINAL/364
364
num_smooth_modes 6 creation_method hand_drawn num_subsample_pts 19 nrm {0.181255 -0.594742 0.783217} xhat {0.000000 0.796409 0.604759} creation_type threshold pos {-11.688071 15.539717 -12.315446} pathId 300 shifted_origin {12.4536 -12.4976 16.4906} num_hand_picked_pts 10 posId 364
0.653900 3.055400 4.211000
0.656200 3.018900 4.182800
0.674600 2.988100 4.155200
0.707000 2.965000 4.130200
0.746800 2.951000 4.110300
0.791200 2.948100 4.097800
0.836300 2.958400 4.095200
0.873700 2.982500 4.104900
0.898100 3.016800 4.125300
0.911500 3.054700 4.150900
0.915300 3.091500 4.178000
0.905500 3.126000 4.206500
0.881200 3.156000 4.234900
0.846800 3.175800 4.257900
0.805300 3.181400 4.271700
0.758500 3.173800 4.276700
0.714100 3.155800 4.273300
0.682000 3.128600 4.260200
0.663200 3.093700 4.238000

/group/rt_crtd_FINAL/369
369
num_smooth_modes 6 creation_method hand_drawn num_subsample_pts 20 nrm {0.324652 -0.453327 0.830118} xhat {0.000000 0.877657 0.479288} creation_type threshold pos {-11.631641 15.422725 -12.137675} pathId 300 shifted_origin {12.4536 -12.4976 16.4906} num_hand_picked_pts 11 posId 369
0.700100 2.915300 4.395200
0.704300 2.875100 4.371700
0.719400 2.840500 4.346800
0.746300 2.814200 4.322000
0.783000 2.798600 4.299000
0.824700 2.795400 4.281000
0.867100 2.805100 4.269700
0.906800 2.826700 4.266000
0.939400 2.858300 4.270500
0.959800 2.896900 4.283600
0.967000 2.937900 4.303200
0.962800 2.977100 4.326200
0.948100 3.011700 4.350900
0.922100 3.039300 4.376100
0.886400 3.055700 4.399000
0.845500 3.057600 4.416100
0.803100 3.045600 4.426100
0.762500 3.023300 4.429800
0.728900 2.993200 4.426500
0.707600 2.956300 4.414700

/group/rt_crtd_FINAL/376
376
num_smooth_modes 6 creation_method hand_drawn num_subsample_pts 20 nrm {0.646595 -0.215133 0.731869} xhat {0.000000 0.959409 0.282019} creation_type threshold pos {-11.488330 15.318543 -11.889134} pathId 300 shifted_origin {12.4536 -12.4976 16.4906} num_hand_picked_pts 12 posId 376
0.832700 2.775100 4.705100
0.843600 2.736900 4.684300
0.863600 2.702900 4.656600
0.888500 2.678100 4.627300
0.918800 2.667500 4.597400
0.954200 2.670500 4.567100
0.989500 2.685700 4.540300
1.019200 2.714100 4.522400
1.041900 2.753700 4.514000
1.056400 2.798000 4.514200
1.059600 2.841500 4.524100
1.050500 2.882500 4.544200
1.031800 2.916900 4.570900
1.006200 2.938400 4.599800
0.973900 2.945300 4.630400
0.937300 2.942100 4.661800
0.902400 2.929800 4.689000
0.873500 2.903600 4.706900
0.850700 2.863100 4.715100
0.835500 2.817400 4.715100

/group/rt_crtd_FINAL/379
379
num_smooth_modes 6 xhat {0.000000 0.984264 0.176706} nrm {0.807887 -0.104139 0.580063} num_subsample_pts 19 creation_method hand_drawn pathId 300 pos {-11.387464 15.296315 -11.797381} creation_type threshold shifted_origin {12.4536 -12.4976 16.4906} posId 379 num_hand_picked_pts 10
1.124700 2.790400 4.610200
1.120600 2.834600 4.623800
1.109100 2.871800 4.646500
1.089700 2.894600 4.677700
1.064700 2.904100 4.714100
1.037800 2.904100 4.751600
1.011700 2.892500 4.785900
0.989100 2.865700 4.812500
0.973200 2.826600 4.827700
0.964800 2.782100 4.831400
0.963300 2.737200 4.825400
0.969900 2.696600 4.808900
0.986400 2.666900 4.780600
1.010000 2.651000 4.744900
1.035600 2.646900 4.708400
1.061100 2.654200 4.674200
1.086300 2.674900 4.643000
1.107800 2.707600 4.618800
1.120900 2.747000 4.607600

/group/rt_crtd_FINAL/390
390
num_smooth_modes 6 creation_method hand_drawn num_subsample_pts 18 nrm {0.964846 0.226601 -0.133135} xhat {0.000000 0.506568 0.862200} creation_type threshold pos {-10.860945 15.332462 -11.658121} pathId 300 shifted_origin {12.4536 -12.4976 16.4906} num_hand_picked_pts 11 posId 390
1.625300 2.737300 4.903100
1.623400 2.720000 4.860000
1.618400 2.713800 4.812700
1.609800 2.724800 4.769600
1.598300 2.754600 4.736800
1.585800 2.794500 4.714100
1.574000 2.837700 4.702200
1.564000 2.882800 4.706400
1.557400 2.923700 4.728300
1.555900 2.951500 4.764500
1.558800 2.965400 4.809300
1.564700 2.968000 4.856400
1.573400 2.956300 4.899700
1.584900 2.928800 4.936000
1.597400 2.891300 4.962800
1.608700 2.849500 4.973700
1.617700 2.805600 4.964300
1.623500 2.765800 4.938600

/group/rt_crtd_FINAL/397
397
num_smooth_modes 6 creation_method hand_drawn num_subsample_pts 17 nrm {0.833207 0.366412 -0.414136} xhat {0.000000 0.748941 0.662636} creation_type threshold pos {-10.547553 15.437269 -11.763487} pathId 300 shifted_origin {12.4536 -12.4976 16.4906} num_hand_picked_pts 13 posId 397
1.974500 2.894700 4.825000
1.972600 2.861500 4.791900
1.961300 2.842700 4.752400
1.941100 2.841700 4.710900
1.916200 2.855600 4.673100
1.890700 2.880900 4.644200
1.867200 2.916600 4.628500
1.848300 2.959800 4.628800
1.837300 3.002500 4.644300
1.835800 3.037800 4.672600
1.844000 3.062800 4.711200
1.860100 3.074700 4.754100
1.881700 3.070400 4.793700
1.906800 3.049900 4.826100
1.932500 3.017100 4.848900
1.954200 2.977400 4.857400
1.968300 2.935300 4.848400

/group/rt_crtd_FINAL/410
410
num_smooth_modes 6 center_x 0.0 center_y 0.0 center_x_in_pixels 0 pathId 300 center_y_in_pixels 0 creation_method threshold shifted_origin {12.4536 -12.4976 16.4906} creation_type threshold threshold_value 185 pos {-10.120230 15.674619 -11.967250} xhat {0.000000 0.415010 0.909817} nrm {0.851216 0.477487 -0.217804} posId 410
2.269800 3.250600 4.436200
2.280200 3.221000 4.411700
2.295500 3.187800 4.399200
2.315200 3.154100 4.402000
2.336100 3.124200 4.418400
2.355100 3.102300 4.444700
2.371100 3.088900 4.477800
2.384000 3.083100 4.515100
2.392100 3.086100 4.553600
2.393500 3.100100 4.589800
2.387600 3.124600 4.620300
2.375500 3.155800 4.641600
2.358800 3.189800 4.651000
2.339000 3.224000 4.648200
2.318100 3.255100 4.634700
2.298500 3.279300 4.611400
2.282100 3.293800 4.579000
2.270100 3.297800 4.541100
2.264100 3.291200 4.502800
2.264200 3.274800 4.467500

