/group/rt_ext_crtd_FINAL/4
4
num_smooth_modes 6 num_subsample_pts 27 creation_method hand_drawn paste_pos {-9.892019 13.016013 -20.871756} creation_type threshold modified_as_spline 1 shifted_origin {12.4536 -12.4976 16.4906} paste_xhat {0.000000 0.925511 -0.378720} paste_nrm {-0.294899 0.361878 0.884352} paste_posId 4 paste_pathId 350 num_hand_picked_pts 15
2.364400 0.572800 -4.467700
2.369500 0.515000 -4.442300
2.383300 0.453300 -4.412500
2.418800 0.409700 -4.382800
2.482310 0.388200 -4.352800
2.548210 0.384200 -4.329200
2.614160 0.389700 -4.309500
2.678350 0.413100 -4.297600
2.737990 0.445700 -4.291100
2.783050 0.499200 -4.297900
2.807360 0.556400 -4.313200
2.827590 0.617600 -4.331500
2.821110 0.692500 -4.364300
2.761240 0.771300 -4.416500
2.678490 0.813600 -4.461400
2.581410 0.818300 -4.495700
2.502180 0.782800 -4.507600
2.442800 0.734900 -4.507800
2.405500 0.686000 -4.500300
2.376200 0.630500 -4.487300

/group/rt_ext_crtd_FINAL/25
25
num_smooth_modes 6 paste_xhat {0.000000 0.943182 -0.332278} paste_nrm {-0.289838 0.318015 0.902696} num_subsample_pts 27 creation_method hand_drawn paste_pathId 350 paste_pos {-9.956366 13.090537 -20.674840} creation_type threshold shifted_origin {12.4536 -12.4976 16.4906} paste_posId 25 num_hand_picked_pts 15
2.310200 0.655600 -4.266400
2.309900 0.611600 -4.251000
2.318900 0.568100 -4.232800
2.338800 0.529600 -4.212800
2.369400 0.501700 -4.193200
2.408200 0.486900 -4.175500
2.451700 0.482000 -4.159800
2.497440 0.481800 -4.145000
2.543690 0.484800 -4.131200
2.588040 0.494800 -4.120500
2.626890 0.516700 -4.115700
2.657010 0.550900 -4.118100
2.677590 0.593100 -4.126400
2.690160 0.637600 -4.138000
2.696100 0.682000 -4.151800
2.694300 0.725700 -4.167700
2.681710 0.767000 -4.186300
2.656570 0.801200 -4.206400
2.620610 0.824000 -4.226000
2.578300 0.835100 -4.243500
2.533730 0.838000 -4.258800
2.488800 0.835600 -4.272500
2.444200 0.827300 -4.283800
2.401800 0.809200 -4.291100
2.365000 0.779700 -4.292500
2.337100 0.741400 -4.288000
2.319100 0.699000 -4.278800

/group/rt_ext_crtd_FINAL/37
37
num_smooth_modes 6 xhat {0.000000 0.959105 -0.283049} nrm {-0.283843 0.271407 0.919658} num_subsample_pts 27 creation_method hand_drawn pathId 350 pos {-10.015076 13.151167 -20.488616} creation_type threshold shifted_origin {12.4536 -12.4976 16.4906} posId 37 num_hand_picked_pts 15
2.251200 0.720700 -4.075700
2.250800 0.676000 -4.062600
2.259800 0.631600 -4.046700
2.279800 0.592100 -4.028900
2.310400 0.563200 -4.010900
2.349300 0.547400 -3.994200
2.392900 0.541600 -3.979100
2.438700 0.540500 -3.964600
2.485070 0.542800 -3.951000
2.529500 0.552100 -3.940000
2.568420 0.573600 -3.934300
2.598600 0.607900 -3.935100
2.619210 0.650400 -3.941300
2.631810 0.695500 -3.950700
2.637770 0.740500 -3.962200
2.635950 0.785000 -3.975900
2.623350 0.827100 -3.992200
2.598150 0.862400 -4.010400
2.562130 0.886300 -4.028500
2.519740 0.898300 -4.045200
2.475090 0.902100 -4.060100
2.430100 0.900500 -4.073500
2.385400 0.892800 -4.085000
2.342900 0.875200 -4.092900
2.306000 0.845900 -4.095700
2.278100 0.807500 -4.093000
2.260100 0.764700 -4.085900

/group/rt_ext_crtd_FINAL/60
60
num_smooth_modes 8 xhat {0.000000 0.998123 -0.061247} nrm {-0.247307 0.059344 0.967118} num_subsample_pts 25 creation_method hand_drawn pathId 350 pos {-10.117742 13.221318 -20.130651} creation_type threshold shifted_origin {12.4536 -12.4976 16.4906} posId 60 num_hand_picked_pts 12
2.121600 0.715500 -3.694300
2.135500 0.673300 -3.688200
2.162000 0.636500 -3.679200
2.194200 0.603000 -3.668900
2.230200 0.577900 -3.658100
2.272200 0.567500 -3.646700
2.318200 0.568400 -3.635000
2.362700 0.575900 -3.624100
2.403400 0.593000 -3.614800
2.438100 0.623000 -3.607700
2.462240 0.662100 -3.604000
2.474780 0.705900 -3.603400
2.479130 0.752400 -3.605200
2.474800 0.798500 -3.609100
2.458340 0.840700 -3.615900
2.430800 0.877500 -3.625200
2.395900 0.906000 -3.635900
2.355000 0.922200 -3.647300
2.309800 0.927100 -3.659200
2.265100 0.923100 -3.670400
2.223500 0.908400 -3.680100
2.185700 0.881600 -3.688100
2.154900 0.846800 -3.693900
2.133900 0.807400 -3.696800
2.122400 0.762500 -3.697000

/group/rt_ext_crtd_FINAL/97
97
num_smooth_modes 8 xhat {0.000000 0.989817 0.142349} nrm {-0.154284 -0.140644 0.977965} num_subsample_pts 24 creation_method hand_drawn pathId 350 pos {-10.208438 13.183475 -19.686552} creation_type threshold shifted_origin {12.4536 -12.4976 16.4906} posId 97 num_hand_picked_pts 11
2.058300 0.676300 -3.226800
2.075800 0.632300 -3.230400
2.105300 0.595600 -3.231000
2.142300 0.567600 -3.229200
2.184700 0.547400 -3.225400
2.230300 0.537100 -3.219700
2.276300 0.538600 -3.212200
2.320500 0.551600 -3.203400
2.358400 0.577500 -3.193700
2.385300 0.615000 -3.184000
2.401800 0.658200 -3.175200
2.409900 0.703800 -3.167400
2.406400 0.750800 -3.161200
2.388500 0.794100 -3.157800
2.359200 0.829700 -3.157300
2.322900 0.860300 -3.158600
2.281500 0.883800 -3.161700
2.236900 0.892300 -3.167600
2.190900 0.885600 -3.175800
2.146300 0.870900 -3.184900
2.108300 0.847700 -3.194300
2.081700 0.811700 -3.203700
2.064900 0.767600 -3.212600
2.055800 0.722200 -3.220600

/group/rt_ext_crtd_FINAL/123
123
num_smooth_modes 8 xhat {0.000000 0.999989 0.004659} nrm {-0.017767 -0.004658 0.999831} num_subsample_pts 24 creation_method hand_drawn pathId 350 pos {-10.241149 13.160477 -19.378871} creation_type threshold shifted_origin {12.4536 -12.4976 16.4906} posId 123 num_hand_picked_pts 18
2.030400 0.674600 -2.891500
2.039500 0.628900 -2.891500
2.060600 0.587000 -2.891300
2.089900 0.549200 -2.891000
2.127100 0.521300 -2.890400
2.171600 0.508500 -2.889700
2.219500 0.506600 -2.888900
2.266000 0.513000 -2.888000
2.307700 0.532800 -2.887200
2.340800 0.566900 -2.886400
2.363600 0.608300 -2.885800
2.377200 0.652800 -2.885400
2.381800 0.700200 -2.885100
2.375100 0.746800 -2.885000
2.356100 0.789200 -2.885100
2.325800 0.825600 -2.885500
2.286700 0.851800 -2.886100
2.242000 0.865000 -2.886800
2.194700 0.868600 -2.887600
2.148000 0.862500 -2.888500
2.106300 0.841600 -2.889300
2.073900 0.807100 -2.890100
2.050700 0.766400 -2.890700
2.035200 0.721900 -2.891100

/group/rt_ext_crtd_FINAL/154
154
num_smooth_modes 8 xhat {0.000000 0.991924 -0.126837} nrm {0.293788 0.121239 0.948151} num_subsample_pts 24 creation_method hand_drawn pathId 350 pos {-10.167350 13.194558 -18.904011} creation_type threshold shifted_origin {12.4536 -12.4976 16.4906} posId 154 num_hand_picked_pts 18
2.085200 0.724200 -2.354600
2.092100 0.678000 -2.350800
2.108800 0.634200 -2.350400
2.135700 0.595800 -2.353800
2.171800 0.566500 -2.361300
2.214100 0.549500 -2.372200
2.258700 0.545200 -2.385500
2.303200 0.551600 -2.400100
2.345000 0.567700 -2.415100
2.380300 0.594500 -2.429500
2.405900 0.631900 -2.442200
2.420800 0.675700 -2.452400
2.424900 0.721700 -2.459500
2.418100 0.768000 -2.463400
2.400900 0.812400 -2.463700
2.373300 0.849800 -2.459900
2.336300 0.876800 -2.451900
2.293100 0.893400 -2.440600
2.248300 0.899500 -2.427600
2.204200 0.894700 -2.413300
2.162200 0.878800 -2.398200
2.126400 0.851900 -2.383700
2.101200 0.815000 -2.371200
2.087900 0.770900 -2.361400

/group/rt_ext_crtd_FINAL/198
198
num_smooth_modes 6 center_x 0.0 center_y 0.0 center_x_in_pixels 0 pathId 350 center_y_in_pixels 0 creation_method threshold shifted_origin {12.4536 -12.4976 16.4906} creation_type threshold threshold_value 150 pos {-9.928574 13.288106 -18.304634} xhat {0.000000 0.984246 -0.176802} nrm {0.421543 0.160326 0.892523} posId 198
2.659660 0.779700 -1.875700
2.650160 0.744300 -1.864800
2.632280 0.713900 -1.850900
2.607550 0.689400 -1.834800
2.578040 0.670600 -1.817500
2.545640 0.657800 -1.799900
2.511640 0.651900 -1.782800
2.476890 0.653800 -1.766800
2.442500 0.664400 -1.752400
2.410100 0.682800 -1.740400
2.381900 0.708100 -1.731600
2.359900 0.738800 -1.726700
2.345000 0.773900 -1.726000
2.337600 0.811800 -1.729300
2.337300 0.850600 -1.736100
2.343700 0.887700 -1.745800
2.356800 0.921300 -1.758100
2.376300 0.950600 -1.772500
2.401600 0.975000 -1.788900
2.431600 0.993600 -1.806400
2.464660 1.004400 -1.823900
2.498910 1.005300 -1.840300
2.532700 0.996000 -1.854600
2.564580 0.977600 -1.866300
2.593430 0.952800 -1.875500
2.618350 0.923800 -1.882100
2.638510 0.891400 -1.885700
2.652910 0.855800 -1.886200
2.660360 0.817800 -1.882900

