/group/rt_post_comm_FINAL/6
6
num_smooth_modes 8 num_subsample_pts 7 creation_method hand_drawn paste_pos {-11.624995 15.559737 -12.292135} creation_type threshold modified_as_spline 1 shifted_origin {12.4536 -12.4976 16.4906} paste_xhat {0.000000 0.049725 -0.998763} paste_nrm {-0.529440 -0.847298 -0.042184} paste_posId 6 paste_pathId 850 num_hand_picked_pts 10
0.730000 3.128000 4.137700
0.732900 3.127500 4.113100
0.744300 3.121300 4.094100
0.758200 3.113300 4.079800
0.775700 3.102900 4.069400
0.797900 3.089300 4.065600
0.821400 3.074000 4.076100
0.838500 3.062700 4.089500
0.851100 3.053900 4.107800
0.860100 3.047100 4.131300
0.863000 3.044200 4.152000
0.856600 3.046800 4.177800
0.844300 3.053800 4.192500
0.829700 3.062100 4.208300
0.811700 3.072900 4.217600
0.793000 3.084500 4.220400
0.775100 3.096100 4.211700
0.757300 3.107800 4.199500
0.743500 3.117200 4.184000
0.733700 3.124500 4.162700

/group/rt_post_comm_FINAL/14
14
num_smooth_modes 8 num_subsample_pts 7 creation_method hand_drawn paste_pos {-11.679138 15.473724 -12.293145} creation_type threshold modified_as_spline 1 shifted_origin {12.4536 -12.4976 16.4906} paste_xhat {0.000000 0.028318 0.999599} paste_nrm {-0.535500 -0.844196 0.023915} paste_posId 14 paste_pathId 850 num_hand_picked_pts 10
0.807200 2.953800 4.162100
0.809200 2.953200 4.183800
0.800100 2.959500 4.202000
0.787700 2.967700 4.214200
0.774100 2.976500 4.221400
0.755600 2.988100 4.218800
0.740100 2.997700 4.209200
0.730600 3.003300 4.194300
0.728200 3.004200 4.173700
0.731300 3.001800 4.154700
0.740600 2.995400 4.138600
0.754600 2.986200 4.127800
0.772000 2.975200 4.126500
0.786600 2.966100 4.132600
0.799700 2.958200 4.145700

/group/rt_post_comm_FINAL/22
22
num_smooth_modes 8 num_subsample_pts 7 creation_method hand_drawn modified_as_spline 1 paste_pos {-11.749849 15.363682 -12.282536} creation_type threshold shifted_origin {12.4536 -12.4976 16.4906} paste_xhat {0.000000 0.184774 0.982781} paste_nrm {-0.540511 -0.826850 0.155457} paste_posId 22 paste_pathId 850 num_hand_picked_pts 10
0.736600 2.839100 4.176600
0.737000 2.841700 4.191900
0.733600 2.846500 4.205500
0.727800 2.852100 4.215400
0.718600 2.859700 4.223700
0.706100 2.868900 4.229200
0.695700 2.875800 4.229700
0.682900 2.883000 4.223800
0.672300 2.888300 4.215100
0.665300 2.891200 4.206000
0.660600 2.891500 4.191300
0.659900 2.889200 4.176600
0.662800 2.885200 4.165400
0.669600 2.878500 4.153300
0.678700 2.870900 4.144500
0.688900 2.863400 4.140100
0.700500 2.855700 4.139300
0.712700 2.848500 4.143400
0.722600 2.843400 4.150600
0.731500 2.839900 4.163300

/group/rt_post_comm_FINAL/31
31
num_smooth_modes 8 num_subsample_pts 7 pathId 850 creation_method hand_drawn modified_as_spline 1 creation_type threshold shifted_origin {12.4536 -12.4976 16.4906} pos {-11.820589 15.258402 -12.244139} xhat {0.000000 0.514068 0.857749} nrm {-0.507185 -0.739241 0.443043} posId 31 num_hand_picked_pts 10
0.666800 2.725500 4.225700
0.667400 2.732500 4.238100
0.663300 2.742400 4.250000
0.657700 2.750900 4.257800
0.647500 2.760400 4.262000
0.636000 2.769600 4.264200
0.625200 2.775900 4.262300
0.612900 2.780500 4.256000
0.600800 2.782900 4.246200
0.593600 2.782200 4.236800
0.588300 2.777300 4.222600
0.588200 2.769800 4.209800
0.591100 2.762300 4.200700
0.597200 2.752600 4.191600
0.606500 2.742300 4.185100
0.615900 2.734400 4.182700
0.630300 2.726600 4.186000
0.642200 2.722000 4.191900
0.651700 2.720300 4.200100
0.661300 2.721500 4.212900

/group/rt_post_comm_FINAL/51
51
num_smooth_modes 6 center_x 0.0 center_y 0.0 center_x_in_pixels 0 pathId 850 center_y_in_pixels 0 creation_method threshold shifted_origin {12.4536 -12.4976 16.4906} modified_as_spline 1 creation_type threshold threshold_value 80 pos {-11.912502 15.098120 -12.097207} nrm {-0.244040 -0.708478 0.662196} xhat {0.000000 0.682841 0.730567} posId 51
0.596800 2.590000 4.402200
0.594700 2.580300 4.391200
0.587400 2.571400 4.378900
0.576700 2.565400 4.368500
0.564000 2.561700 4.359900
0.550000 2.559900 4.352700
0.534800 2.563800 4.351300
0.517600 2.571800 4.353400
0.507100 2.580500 4.358900
0.498300 2.591600 4.367500
0.494500 2.602800 4.378200
0.495700 2.613800 4.390400
0.502800 2.621800 4.401600
0.512800 2.628500 4.412600
0.526200 2.632100 4.421400
0.542000 2.632700 4.427900
0.558300 2.629100 4.430000
0.572800 2.621200 4.426900
0.585100 2.610900 4.420300
0.592900 2.600900 4.412600

/group/rt_post_comm_FINAL/70
70
num_smooth_modes 6 num_subsample_pts 8 pathId 850 creation_method hand_drawn modified_as_spline 1 creation_type threshold shifted_origin {12.4536 -12.4976 16.4906} pos {-11.946645 14.933140 -11.978723} xhat {0.000000 0.488411 0.872614} nrm {-0.134217 -0.864718 0.483992} posId 70 num_hand_picked_pts 10
0.461500 2.454100 4.533100
0.463300 2.446400 4.519800
0.469900 2.438000 4.506600
0.478600 2.431600 4.497500
0.490600 2.425800 4.490500
0.505300 2.422100 4.487900
0.520500 2.421100 4.490400
0.535800 2.422500 4.497100
0.545100 2.425900 4.505800
0.554000 2.432100 4.519400
0.556400 2.439600 4.533400
0.553500 2.447600 4.546900
0.548100 2.455300 4.559300
0.540000 2.461800 4.568700
0.526100 2.468200 4.576200
0.511700 2.471700 4.578600
0.495700 2.472700 4.576000
0.481300 2.471000 4.568900
0.471800 2.467600 4.560100
0.464200 2.461300 4.546700

/group/rt_post_comm_FINAL/88
88
num_smooth_modes 6 num_subsample_pts 8 pathId 850 creation_method hand_drawn modified_as_spline 1 creation_type threshold shifted_origin {12.4536 -12.4976 16.4906} pos {-11.980197 14.771664 -11.908981} xhat {0.000000 0.253885 0.967235} nrm {-0.252440 -0.935908 0.245662} posId 88 num_hand_picked_pts 9
0.454800 2.287400 4.612300
0.450100 2.284700 4.597000
0.451200 2.280200 4.581200
0.456200 2.275400 4.567700
0.465600 2.269400 4.554500
0.478500 2.263400 4.545100
0.493900 2.258500 4.542200
0.510800 2.254900 4.545800
0.524800 2.253000 4.553200
0.537700 2.252200 4.563100
0.547200 2.253300 4.577100
0.550000 2.256800 4.593400
0.547300 2.261800 4.609800
0.542300 2.266600 4.623100
0.532100 2.272600 4.635400
0.519400 2.278200 4.643700
0.505100 2.283000 4.647300
0.488600 2.286600 4.644100
0.475300 2.288500 4.637700
0.462600 2.288900 4.626000

/group/rt_post_comm_FINAL/110
110
num_smooth_modes 6 center_x 0.0 center_y 0.0 center_x_in_pixels 0 pathId 850 center_y_in_pixels 0 creation_method threshold shifted_origin {12.4536 -12.4976 16.4906} modified_as_spline 1 creation_type threshold threshold_value 47 pos {-12.051113 14.555009 -11.910383} nrm {-0.342633 -0.931203 -0.124351} xhat {0.000000 0.132363 -0.991201} posId 110
0.375900 2.060700 4.629000
0.387500 2.054700 4.641700
0.400700 2.048700 4.650600
0.414500 2.043200 4.653500
0.431400 2.037200 4.651700
0.446200 2.032800 4.644000
0.458000 2.030200 4.631100
0.466000 2.029300 4.615800
0.470200 2.030000 4.599200
0.469000 2.032800 4.581300
0.463200 2.037200 4.564600
0.453500 2.042400 4.552100
0.437800 2.049500 4.542400
0.422800 2.055300 4.540300
0.409100 2.060000 4.542600
0.393000 2.065000 4.550000
0.380600 2.067800 4.563000
0.371800 2.068800 4.579900
0.369000 2.067800 4.594700
0.369600 2.065200 4.612700

/group/rt_post_comm_FINAL/126
126
num_smooth_modes 6 num_subsample_pts 8 pathId 850 creation_method hand_drawn creation_type threshold modified_as_spline 1 shifted_origin {12.4536 -12.4976 16.4906} pos {-12.136852 14.331073 -11.900196} xhat {0.000000 0.243699 0.969851} nrm {-0.354249 -0.906957 0.227895} posId 126 num_hand_picked_pts 8
0.289200 1.847000 4.602300
0.290400 1.842100 4.585000
0.296500 1.835900 4.569800
0.305000 1.829800 4.558600
0.317700 1.822200 4.548100
0.333100 1.815000 4.543300
0.347200 1.809900 4.544900
0.365000 1.805300 4.554300
0.376400 1.803300 4.564300
0.386000 1.803100 4.578200
0.392300 1.805000 4.595600
0.390500 1.809900 4.612400
0.384100 1.816300 4.627800
0.375600 1.822500 4.639300
0.363400 1.829800 4.649400
0.348200 1.836700 4.653300
0.331800 1.842400 4.650500
0.316700 1.846500 4.643200
0.305200 1.848400 4.632900
0.295300 1.848700 4.618500

/group/rt_post_comm_FINAL/135
135
num_smooth_modes 6 num_subsample_pts 8 creation_method hand_drawn paste_pos {-12.198794 14.173117 -11.846826} creation_type threshold modified_as_spline 1 shifted_origin {12.4536 -12.4976 16.4906} paste_xhat {0.000000 0.374505 0.927225} paste_nrm {-0.342626 -0.871102 0.351837} paste_posId 135 paste_pathId 850 num_hand_picked_pts 8
0.236400 1.701900 4.692300
0.236800 1.694900 4.675400
0.243400 1.686800 4.661600
0.251900 1.679200 4.651100
0.263500 1.671100 4.642200
0.280000 1.662900 4.637900
0.296700 1.657500 4.640800
0.312000 1.655100 4.649700
0.323500 1.654600 4.659800
0.334200 1.656700 4.675400
0.339500 1.660700 4.690500
0.337700 1.667600 4.705800
0.331500 1.676200 4.721000
0.323000 1.683700 4.731500
0.310400 1.691800 4.739300
0.295400 1.699300 4.743300
0.279200 1.705000 4.741600
0.263600 1.707500 4.732800
0.252100 1.707900 4.722400
0.241700 1.706000 4.707500

/group/rt_post_comm_FINAL/141
141
num_smooth_modes 6 num_subsample_pts 8 creation_method hand_drawn paste_pos {-12.233894 14.083985 -11.808477} creation_type threshold modified_as_spline 1 shifted_origin {12.4536 -12.4976 16.4906} paste_xhat {0.000000 0.415084 0.909783} paste_nrm {-0.337630 -0.856360 0.390709} paste_posId 141 paste_pathId 850 num_hand_picked_pts 8
0.188500 1.621400 4.731400
0.188800 1.614100 4.715600
0.194900 1.605100 4.701300
0.203400 1.597200 4.691200
0.216700 1.588300 4.683400
0.231600 1.580800 4.679700
0.247900 1.575500 4.682400
0.264100 1.572800 4.690400
0.275300 1.573200 4.700900
0.286300 1.575900 4.716400
0.291400 1.580700 4.731300
0.290500 1.588400 4.747400
0.283200 1.597500 4.760900
0.274700 1.605500 4.771200
0.262000 1.614600 4.780200
0.246400 1.622200 4.783300
0.231000 1.626900 4.780100
0.215600 1.629000 4.771500
0.203900 1.628900 4.761200
0.194000 1.626300 4.746900

