/group/rt_vrtbrl_FINAL/8
8
num_smooth_modes 8 center_x 0.0 center_y 0.0 center_x_in_pixels 0 pathId 500 center_y_in_pixels 0 creation_method threshold shifted_origin {12.4536 -12.4976 16.4906} modified_as_spline 1 paste_pos {-9.729594 12.264978 -29.244121} creation_type threshold paste_xhat {0.000000 0.761605 0.648042} threshold_value 300 paste_nrm {0.304694 -0.617228 0.725391} pos {-9.547380 11.664018 -28.382509} paste_posId 8 nrm {-0.013296 -0.465718 0.884833} xhat {0.000000 0.884911 0.465759} paste_pathId 500 posId 15
2.583770 -0.570300 -12.982300
2.478760 -0.487800 -12.868000
2.444400 -0.408000 -12.785700
2.448600 -0.326700 -12.718300
2.487360 -0.233600 -12.655300
2.547460 -0.165500 -12.622600
2.624360 -0.101800 -12.600700
2.689670 -0.066500 -12.598100
2.816960 -0.028700 -12.619400
2.911920 -0.032100 -12.662200
3.032270 -0.117400 -12.785300
3.089430 -0.218700 -12.895500
3.072970 -0.347300 -12.998000
2.964880 -0.474700 -13.061000
2.779930 -0.555400 -13.052000

/group/rt_vrtbrl_FINAL/12
12
num_smooth_modes 8 center_x 0.0 center_y 0.0 center_x_in_pixels 0 pathId 500 center_y_in_pixels 0 creation_method threshold shifted_origin {12.4536 -12.4976 16.4906} modified_as_spline 1 paste_pos {-9.578785 11.892919 -28.762669} creation_type threshold paste_xhat {0.000000 0.827475 0.561502} threshold_value 300 paste_nrm {0.150843 -0.555078 0.818007} pos {-9.547380 11.664018 -28.382509} paste_posId 12 nrm {-0.013296 -0.465718 0.884833} xhat {0.000000 0.884911 0.465759} paste_pathId 500 posId 15
2.832060 -0.791600 -12.390600
2.760050 -0.768800 -12.361900
2.703070 -0.721200 -12.319100
2.672930 -0.655000 -12.268600
2.679160 -0.581100 -12.219600
2.716310 -0.516100 -12.182300
2.783360 -0.469300 -12.162900
2.863950 -0.446000 -12.162000
2.950670 -0.446400 -12.178200
3.020050 -0.480600 -12.214200
3.064350 -0.545400 -12.266400
3.077570 -0.615500 -12.316400
3.061710 -0.693100 -12.366100
3.006400 -0.751600 -12.395600
2.924870 -0.792400 -12.408300

/group/rt_vrtbrl_FINAL/15
15
num_smooth_modes 8 center_x 0.0 center_y 0.0 center_x_in_pixels 0 pathId 500 center_y_in_pixels 0 creation_method threshold shifted_origin {12.4536 -12.4976 16.4906} creation_type threshold threshold_value 300 pos {-9.547380 11.664018 -28.382509} xhat {0.000000 0.884911 0.465759} nrm {-0.013296 -0.465718 0.884833} posId 15
2.857680 -1.022700 -11.992200
2.820560 -1.010100 -11.986100
2.786450 -0.991800 -11.977000
2.755970 -0.968700 -11.965300
2.729970 -0.941500 -11.951400
2.710480 -0.910900 -11.935600
2.699820 -0.877700 -11.918200
2.698140 -0.842600 -11.899800
2.703130 -0.807100 -11.881000
2.713110 -0.772700 -11.862800
2.729300 -0.741500 -11.846100
2.753830 -0.714700 -11.831600
2.785940 -0.692800 -11.819600
2.822000 -0.676400 -11.810400
2.859260 -0.666300 -11.804600
2.897690 -0.664100 -11.802800
2.937300 -0.670300 -11.805500
2.975300 -0.684100 -11.812200
3.008080 -0.703900 -11.822100
3.035370 -0.728200 -11.834500
3.059890 -0.756100 -11.848800
3.082390 -0.786700 -11.864600
3.098900 -0.819000 -11.881400
3.104380 -0.852500 -11.898900
3.098060 -0.886600 -11.916900
3.083570 -0.920000 -11.934700
3.064300 -0.951200 -11.951400
3.040360 -0.978400 -11.966100
3.010480 -1.000600 -11.978200
2.975030 -1.016800 -11.987300
2.936330 -1.026300 -11.992900
2.896690 -1.028300 -11.994600

/group/rt_vrtbrl_FINAL/18
18
num_smooth_modes 8 center_x 0.0 center_y 0.0 center_x_in_pixels 0 pathId 500 center_y_in_pixels 0 creation_method threshold shifted_origin {12.4536 -12.4976 16.4906} creation_type threshold threshold_value 350 pos {-9.580420 11.488287 -28.004610} xhat {0.000000 0.927346 0.374205} nrm {-0.143101 -0.370354 0.917802} posId 18
2.996630 -0.971200 -11.479400
2.976640 -0.936500 -11.468500
2.950850 -0.904700 -11.459700
2.920810 -0.876800 -11.453100
2.885840 -0.855500 -11.450000
2.846250 -0.843400 -11.451300
2.804940 -0.841100 -11.456800
2.764810 -0.847000 -11.465400
2.727110 -0.859900 -11.476500
2.693310 -0.880100 -11.489900
2.665920 -0.907400 -11.505200
2.645970 -0.940000 -11.521500
2.632240 -0.975600 -11.538000
2.624810 -1.013200 -11.554300
2.627000 -1.051600 -11.569500
2.641390 -1.088300 -11.582000
2.665750 -1.120800 -11.591300
2.695670 -1.148700 -11.597900
2.729370 -1.172300 -11.602200
2.767280 -1.189800 -11.603300
2.808020 -1.197700 -11.600200
2.848450 -1.194800 -11.592700
2.886890 -1.183700 -11.582200
2.923350 -1.167200 -11.569900
2.956390 -1.145800 -11.556100
2.982770 -1.118200 -11.540900
3.000320 -1.084500 -11.524500
3.008780 -1.046900 -11.508100
3.007780 -1.008400 -11.492700

/group/rt_vrtbrl_FINAL/27
27
num_smooth_modes 8 center_x 0.0 center_y 0.0 center_x_in_pixels 0 pathId 500 center_y_in_pixels 0 creation_method threshold shifted_origin {12.4536 -12.4976 16.4906} creation_type threshold threshold_value 375 pos {-9.840204 11.205421 -26.964017} xhat {0.000000 0.988210 0.153106} nrm {-0.274667 -0.147218 0.950203} posId 27
2.810580 -1.301100 -10.417800
2.800950 -1.340300 -10.426700
2.778180 -1.372800 -10.438300
2.746440 -1.398000 -10.451400
2.711340 -1.417400 -10.464500
2.673460 -1.430000 -10.477400
2.633140 -1.431900 -10.489400
2.593630 -1.421700 -10.499200
2.557040 -1.402200 -10.506800
2.523740 -1.376300 -10.512400
2.496530 -1.344500 -10.515300
2.478760 -1.306900 -10.514600
2.469580 -1.265400 -10.510800
2.467440 -1.223400 -10.505000
2.475430 -1.184100 -10.496500
2.496260 -1.149700 -10.485200
2.525710 -1.121000 -10.472200
2.558220 -1.097800 -10.459300
2.594000 -1.081500 -10.446400
2.634230 -1.074600 -10.433700
2.675240 -1.078200 -10.422400
2.713440 -1.090900 -10.413300
2.749360 -1.111600 -10.406100
2.781100 -1.140300 -10.401400
2.801900 -1.176300 -10.401000
2.809890 -1.216700 -10.404900
2.811640 -1.258900 -10.411000

/group/rt_vrtbrl_FINAL/44
44
num_smooth_modes 8 center_x 0.0 center_y 0.0 center_x_in_pixels 0 pathId 500 center_y_in_pixels 0 creation_method threshold shifted_origin {12.4536 -12.4976 16.4906} creation_type threshold threshold_value 400 pos {-10.356340 11.058366 -25.383665} xhat {0.000000 0.999347 0.036134} nrm {-0.323904 -0.034186 0.945472} posId 44
2.051300 -1.269500 -8.902700
2.018500 -1.284600 -8.914500
1.989600 -1.306900 -8.925200
1.966900 -1.335700 -8.934000
1.951000 -1.369400 -8.940600
1.941400 -1.405900 -8.945200
1.937300 -1.443700 -8.948000
1.938600 -1.481800 -8.949000
1.946200 -1.518900 -8.947700
1.961100 -1.553400 -8.943800
1.983500 -1.583300 -8.937300
2.011800 -1.607200 -8.928400
2.044000 -1.624900 -8.918000
2.078300 -1.636000 -8.906700
2.113900 -1.639600 -8.894600
2.149600 -1.634700 -8.882200
2.183300 -1.621200 -8.870200
2.213000 -1.600400 -8.859300
2.238100 -1.574100 -8.849700
2.259300 -1.543600 -8.841300
2.275800 -1.509600 -8.834400
2.285400 -1.473200 -8.829800
2.285900 -1.435900 -8.828300
2.277900 -1.398800 -8.829700
2.263800 -1.363200 -8.833300
2.245000 -1.330400 -8.838500
2.221000 -1.302300 -8.845700
2.191500 -1.280800 -8.855100
2.157500 -1.266900 -8.866200
2.121800 -1.260700 -8.878200
2.086100 -1.261600 -8.890500

/group/rt_vrtbrl_FINAL/59
59
num_smooth_modes 8 center_x 0.0 center_y 0.0 center_x_in_pixels 0 pathId 500 center_y_in_pixels 0 creation_method threshold shifted_origin {12.4536 -12.4976 16.4906} creation_type threshold threshold_value 425 pos {-10.768730 11.289872 -23.777772} xhat {0.000000 0.964078 -0.265620} nrm {-0.128701 0.263411 0.956060} posId 59
1.838000 -1.249100 -7.255200
1.822500 -1.282600 -7.248000
1.800800 -1.313700 -7.242400
1.773500 -1.340200 -7.238700
1.741600 -1.359600 -7.237700
1.706000 -1.370700 -7.239400
1.668100 -1.374600 -7.243400
1.630200 -1.372100 -7.249200
1.594800 -1.362700 -7.256600
1.562700 -1.346000 -7.265500
1.533700 -1.323100 -7.275700
1.508600 -1.296000 -7.286600
1.489200 -1.265700 -7.297500
1.477700 -1.232100 -7.308300
1.474200 -1.195800 -7.318800
1.477600 -1.158700 -7.328600
1.487300 -1.123200 -7.337000
1.503600 -1.090300 -7.343900
1.526700 -1.060700 -7.349000
1.555500 -1.035600 -7.352000
1.588300 -1.016800 -7.352800
1.623900 -1.005200 -7.351200
1.661300 -1.000000 -7.347600
1.699100 -1.000900 -7.342200
1.735300 -1.008700 -7.335200
1.768500 -1.024200 -7.326500
1.797700 -1.046600 -7.316400
1.821600 -1.074100 -7.305600
1.838900 -1.105600 -7.294600
1.848500 -1.140300 -7.283700
1.851000 -1.177000 -7.273300
1.847400 -1.213800 -7.263600

/group/rt_vrtbrl_FINAL/72
72
num_smooth_modes 8 center_x 0.0 center_y 0.0 center_x_in_pixels 0 pathId 500 center_y_in_pixels 0 creation_method threshold shifted_origin {12.4536 -12.4976 16.4906} creation_type threshold threshold_value 450 pos {-10.796152 11.677933 -22.327603} xhat {0.000000 0.991058 -0.133435} nrm {0.035561 0.133351 0.990431} posId 72
1.872300 -0.868900 -5.838100
1.853100 -0.901000 -5.833100
1.826500 -0.927800 -5.828500
1.794600 -0.947800 -5.824700
1.759500 -0.961100 -5.821600
1.722400 -0.969000 -5.819200
1.684300 -0.972300 -5.817400
1.646500 -0.969900 -5.816400
1.610500 -0.959900 -5.816400
1.577500 -0.941800 -5.817700
1.547900 -0.917400 -5.819900
1.522700 -0.889100 -5.822800
1.503300 -0.857400 -5.826400
1.491400 -0.822100 -5.830700
1.488000 -0.784200 -5.835700
1.493500 -0.746800 -5.840900
1.507300 -0.712500 -5.846000
1.528200 -0.681700 -5.850900
1.554300 -0.654100 -5.855600
1.584400 -0.630700 -5.859800
1.617700 -0.613700 -5.863300
1.653900 -0.604700 -5.865800
1.691900 -0.603400 -5.867400
1.729900 -0.608500 -5.868000
1.765900 -0.619700 -5.867800
1.799200 -0.637100 -5.866700
1.828900 -0.660700 -5.864600
1.853600 -0.689600 -5.861600
1.871900 -0.722500 -5.857800
1.882800 -0.758300 -5.853400
1.886600 -0.795700 -5.848500
1.883300 -0.833200 -5.843300

/group/rt_vrtbrl_FINAL/83
83
num_smooth_modes 8 center_x 0.0 center_y 0.0 center_x_in_pixels 0 pathId 500 center_y_in_pixels 0 creation_method threshold shifted_origin {12.4536 -12.4976 16.4906} creation_type threshold threshold_value 450 pos {-10.813453 11.646818 -21.219477} xhat {0.000000 0.995015 0.099722} nrm {-0.099007 -0.099232 0.990127} posId 83
1.591600 -0.695100 -4.718100
1.553000 -0.702700 -4.722800
1.518400 -0.719600 -4.727900
1.490300 -0.746300 -4.733400
1.469600 -0.779800 -4.738800
1.455600 -0.816400 -4.743900
1.447100 -0.854500 -4.748600
1.445000 -0.893900 -4.752700
1.452100 -0.932500 -4.755900
1.470000 -0.967300 -4.757600
1.497100 -0.995900 -4.757700
1.530300 -1.016800 -4.756500
1.567400 -1.028800 -4.754000
1.606800 -1.032200 -4.750400
1.646100 -1.027600 -4.746000
1.682900 -1.015500 -4.741100
1.716800 -0.996200 -4.735800
1.747400 -0.970900 -4.730200
1.772700 -0.941000 -4.724700
1.790200 -0.906800 -4.719500
1.798800 -0.868600 -4.714800
1.798900 -0.828700 -4.710800
1.789900 -0.790600 -4.707900
1.770600 -0.757100 -4.706500
1.741900 -0.729600 -4.706600
1.707300 -0.709600 -4.708000
1.670100 -0.698000 -4.710600
1.631200 -0.693700 -4.714000

/group/rt_vrtbrl_FINAL/90
90
num_smooth_modes 8 xhat {0.000000 0.999820 0.018948} nrm {-0.190250 -0.018602 0.981559} num_subsample_pts 24 creation_method hand_drawn pathId 500 pos {-10.929598 11.601056 -20.483774} creation_type threshold shifted_origin {12.4536 -12.4976 16.4906} posId 90 num_hand_picked_pts 12
1.333400 -0.904900 -4.030300
1.332500 -0.951200 -4.031300
1.347300 -0.992800 -4.029300
1.377800 -1.029200 -4.024000
1.414500 -1.058100 -4.017500
1.454200 -1.077200 -4.010100
1.499400 -1.087000 -4.001500
1.546000 -1.085800 -3.992500
1.587400 -1.070200 -3.984200
1.624500 -1.043000 -3.976500
1.657400 -1.009700 -3.969500
1.679700 -0.970700 -3.964400
1.687200 -0.926000 -3.962100
1.681200 -0.879700 -3.962400
1.663300 -0.836900 -3.965000
1.635300 -0.800300 -3.969800
1.600100 -0.771500 -3.976100
1.559000 -0.751200 -3.983600
1.514300 -0.739900 -3.992100
1.470200 -0.741200 -4.000700
1.428400 -0.757300 -4.009100
1.389600 -0.783900 -4.017100
1.359700 -0.817100 -4.023500
1.342400 -0.857900 -4.027600

/group/rt_vrtbrl_FINAL/100
100
num_smooth_modes 8 center_x 0.0 center_y 0.0 center_x_in_pixels 0 pathId 500 center_y_in_pixels 0 creation_method threshold shifted_origin {12.4536 -12.4976 16.4906} creation_type threshold threshold_value 450 pos {-11.083770 11.654204 -19.533999} xhat {0.000000 0.989780 -0.142602} nrm {-0.075254 0.142197 0.986974} posId 100
1.196100 -0.700400 -3.077200
1.178800 -0.737100 -3.073300
1.170800 -0.775700 -3.068300
1.172700 -0.814000 -3.062700
1.183900 -0.851700 -3.056400
1.202800 -0.887100 -3.049800
1.227900 -0.917200 -3.043600
1.258400 -0.940900 -3.037800
1.293600 -0.959200 -3.032500
1.331700 -0.971900 -3.027800
1.370700 -0.976900 -3.024100
1.409500 -0.971900 -3.021900
1.446400 -0.957300 -3.021100
1.479600 -0.934800 -3.021900
1.506900 -0.905900 -3.023900
1.527200 -0.872200 -3.027200
1.540300 -0.835100 -3.031600
1.545600 -0.796000 -3.036800
1.542800 -0.756400 -3.042800
1.531500 -0.718800 -3.049000
1.511700 -0.685600 -3.055300
1.483800 -0.658300 -3.061400
1.449300 -0.638100 -3.066900
1.411300 -0.626800 -3.071400
1.372400 -0.625300 -3.074600
1.333300 -0.630700 -3.076800
1.293800 -0.639300 -3.078600
1.255600 -0.651200 -3.079800
1.222100 -0.670700 -3.079500

/group/rt_vrtbrl_FINAL/108
108
num_smooth_modes 8 center_x 0.0 center_y 0.0 center_x_in_pixels 0 pathId 500 center_y_in_pixels 0 creation_method threshold shifted_origin {12.4536 -12.4976 16.4906} creation_type threshold threshold_value 450 pos {-11.075625 11.721073 -19.013517} xhat {0.000000 0.999825 -0.018685} nrm {0.144156 0.018490 0.989382} posId 108
1.521300 -0.835000 -2.542700
1.490000 -0.863700 -2.537600
1.451800 -0.884200 -2.531700
1.409800 -0.896300 -2.525300
1.367100 -0.900700 -2.519000
1.324200 -0.898200 -2.512800
1.281800 -0.887600 -2.506800
1.244800 -0.865500 -2.501900
1.219400 -0.831000 -2.498800
1.207800 -0.788800 -2.497900
1.207500 -0.745100 -2.498700
1.214100 -0.702200 -2.500400
1.225700 -0.660000 -2.502900
1.244700 -0.620800 -2.506400
1.273900 -0.589400 -2.511200
1.311400 -0.568000 -2.517100
1.352500 -0.555200 -2.523300
1.395100 -0.550100 -2.529600
1.438400 -0.554400 -2.535900
1.478500 -0.570500 -2.541400
1.511300 -0.598000 -2.545700
1.536600 -0.633600 -2.548700
1.555700 -0.673500 -2.550700
1.565500 -0.715300 -2.551400
1.561700 -0.757900 -2.550000
1.545600 -0.798900 -2.546900

/group/rt_vrtbrl_FINAL/116
116
num_smooth_modes 8 xhat {0.000000 0.848020 0.529965} nrm {0.529174 -0.449682 0.719556} num_subsample_pts 23 creation_method hand_drawn pathId 500 pos {-10.969898 11.647232 -18.710326} creation_type threshold shifted_origin {12.4536 -12.4976 16.4906} posId 116 num_hand_picked_pts 11
1.393200 -0.746400 -2.088200
1.367600 -0.784700 -2.093300
1.350900 -0.824400 -2.105800
1.344600 -0.864300 -2.126100
1.348900 -0.902700 -2.153300
1.364400 -0.931700 -2.182800
1.392200 -0.947600 -2.213200
1.428300 -0.952300 -2.242700
1.466200 -0.945200 -2.266100
1.504400 -0.927600 -2.283200
1.543200 -0.905300 -2.297800
1.578200 -0.878000 -2.306500
1.605200 -0.842500 -2.304100
1.625200 -0.801600 -2.293300
1.636800 -0.760800 -2.276400
1.636300 -0.722700 -2.252200
1.624300 -0.689900 -2.222900
1.603700 -0.664100 -2.191600
1.574500 -0.647700 -2.159800
1.538500 -0.647900 -2.133500
1.500400 -0.666000 -2.116800
1.462600 -0.690700 -2.104400
1.425900 -0.715500 -2.093000

/group/rt_vrtbrl_FINAL/126
126
num_smooth_modes 8 xhat {0.000000 0.615874 0.787845} nrm {0.838166 -0.429702 0.335907} num_subsample_pts 22 creation_method hand_drawn pathId 500 pos {-10.665211 11.447484 -18.503275} creation_type threshold shifted_origin {12.4536 -12.4976 16.4906} posId 126 num_hand_picked_pts 12
1.697600 -1.150300 -1.914300
1.697300 -1.179300 -1.950700
1.704100 -1.198500 -1.992100
1.717000 -1.206700 -2.034900
1.736400 -1.201700 -2.076900
1.760200 -1.181800 -2.110700
1.784800 -1.150100 -2.131600
1.809000 -1.111800 -2.143100
1.830800 -1.070900 -2.145100
1.846500 -1.030600 -2.132700
1.855800 -0.992900 -2.107600
1.859900 -0.959800 -2.075700
1.858500 -0.933600 -2.038600
1.851100 -0.915400 -1.996700
1.837100 -0.908700 -1.953300
1.816600 -0.917600 -1.913600
1.792500 -0.938200 -1.879700
1.767300 -0.964800 -1.851000
1.743200 -0.998400 -1.833700
1.724100 -1.038500 -1.837400
1.712200 -1.078500 -1.858900
1.703800 -1.115600 -1.885200

/group/rt_vrtbrl_FINAL/135
135
num_smooth_modes 8 center_x 0.0 center_y 0.0 center_x_in_pixels 0 pathId 500 center_y_in_pixels 0 creation_method threshold shifted_origin {12.4536 -12.4976 16.4906} creation_type threshold threshold_value 450 pos {-10.286122 11.284722 -18.384882} xhat {0.000000 0.655037 0.755597} nrm {0.908688 -0.315443 0.273462} posId 135
2.126600 -1.196900 -1.739800
2.113000 -1.233300 -1.736700
2.100900 -1.270700 -1.739600
2.091500 -1.307000 -1.750400
2.086100 -1.339900 -1.770400
2.085400 -1.366700 -1.798800
2.089200 -1.385300 -1.833000
2.096900 -1.395000 -1.869700
2.107400 -1.397500 -1.907500
2.119800 -1.394200 -1.944800
2.133900 -1.383800 -1.979700
2.149400 -1.364900 -2.009700
2.165800 -1.338700 -2.033700
2.181900 -1.307800 -2.051700
2.197000 -1.273700 -2.062700
2.210500 -1.237100 -2.065300
2.221400 -1.200000 -2.058500
2.229100 -1.164900 -2.043600
2.233800 -1.132600 -2.021900
2.235300 -1.104400 -1.994400
2.232800 -1.083200 -1.961800
2.226000 -1.071500 -1.925600
2.215600 -1.068500 -1.887800
2.203200 -1.071900 -1.850500
2.189200 -1.082100 -1.815700
2.173600 -1.101400 -1.786100
2.157200 -1.129200 -1.763600
2.141300 -1.161900 -1.748500

/group/rt_vrtbrl_FINAL/142
142
num_smooth_modes 8 center_x 0.0 center_y 0.0 center_x_in_pixels 0 pathId 500 center_y_in_pixels 0 creation_method threshold shifted_origin {12.4536 -12.4976 16.4906} creation_type threshold threshold_value 450 pos {-10.035102 11.225826 -18.225754} xhat {0.000000 0.999905 0.013767} nrm {0.571542 -0.011297 0.820495} posId 142
2.539890 -1.367300 -1.821000
2.520190 -1.399100 -1.807700
2.493410 -1.421700 -1.789400
2.462800 -1.435900 -1.768300
2.430700 -1.444500 -1.746000
2.397900 -1.447800 -1.723200
2.365600 -1.442600 -1.700700
2.335700 -1.427200 -1.679600
2.309800 -1.402800 -1.661200
2.289700 -1.371500 -1.646800
2.276900 -1.335200 -1.637400
2.271600 -1.295900 -1.633100
2.272500 -1.255800 -1.633300
2.279300 -1.216700 -1.637400
2.292800 -1.180500 -1.646300
2.313200 -1.149100 -1.660100
2.339000 -1.124300 -1.677700
2.368200 -1.106300 -1.697900
2.399800 -1.095500 -1.719700
2.432500 -1.093700 -1.742500
2.464310 -1.102300 -1.764700
2.493610 -1.119800 -1.785400
2.519430 -1.144100 -1.803700
2.539930 -1.174700 -1.818400
2.552720 -1.211000 -1.827800
2.557520 -1.250600 -1.831700
2.556630 -1.290600 -1.831600
2.551350 -1.329900 -1.828500

/group/rt_vrtbrl_FINAL/148
148
num_smooth_modes 8 xhat {0.000000 0.984659 -0.174488} nrm {0.076296 0.173979 0.981789} num_subsample_pts 22 creation_method hand_drawn pathId 500 pos {-9.932441 11.272627 -17.857728} creation_type threshold shifted_origin {12.4536 -12.4976 16.4906} posId 148 num_hand_picked_pts 13
2.347300 -1.180000 -1.361600
2.347000 -1.226900 -1.353300
2.359100 -1.272900 -1.346100
2.383900 -1.312800 -1.340900
2.420300 -1.342100 -1.338500
2.463660 -1.363000 -1.338200
2.509750 -1.376700 -1.339400
2.556480 -1.376400 -1.343000
2.600150 -1.358100 -1.349700
2.635040 -1.326500 -1.358000
2.658740 -1.286500 -1.366900
2.672800 -1.241100 -1.376100
2.676380 -1.194100 -1.384700
2.665580 -1.148900 -1.391800
2.640400 -1.108200 -1.397100
2.605380 -1.075900 -1.400100
2.563390 -1.053900 -1.400700
2.516340 -1.043900 -1.398800
2.469230 -1.048900 -1.394300
2.426600 -1.068200 -1.387600
2.389800 -1.097800 -1.379500
2.361800 -1.135600 -1.370600

/group/rt_vrtbrl_FINAL/156
156
num_smooth_modes 8 xhat {0.000000 0.999824 -0.018784} nrm {-0.109489 0.018671 0.993813} num_subsample_pts 21 creation_method hand_drawn pathId 500 pos {-9.958834 11.367686 -17.102222} creation_type threshold shifted_origin {12.4536 -12.4976 16.4906} posId 156 num_hand_picked_pts 12
2.213400 -1.117500 -0.642900
2.217500 -1.164000 -0.641500
2.234500 -1.208800 -0.638800
2.263900 -1.242800 -0.634900
2.305800 -1.262400 -0.629900
2.352500 -1.270300 -0.624700
2.398200 -1.267400 -0.619700
2.444300 -1.254500 -0.614800
2.485440 -1.232100 -0.610700
2.514750 -1.196600 -0.608200
2.532190 -1.151600 -0.607100
2.535530 -1.105400 -0.607600
2.522450 -1.060500 -0.609900
2.496690 -1.020300 -0.613500
2.460440 -0.991900 -0.618000
2.415900 -0.976500 -0.623200
2.369200 -0.972300 -0.628400
2.323000 -0.979500 -0.633400
2.280100 -0.998400 -0.637700
2.246400 -1.030000 -0.640900
2.223900 -1.072000 -0.642500

/group/rt_vrtbrl_FINAL/164
164
num_smooth_modes 8 xhat {0.000000 0.890189 0.455592} nrm {-0.071940 -0.454411 0.887882} num_subsample_pts 23 creation_method hand_drawn pathId 500 pos {-10.043930 11.238015 -16.437002} creation_type threshold shifted_origin {12.4536 -12.4976 16.4906} posId 164 num_hand_picked_pts 12
2.256800 -1.268300 0.036700
2.265300 -1.308500 0.016800
2.285000 -1.346600 -0.001000
2.313100 -1.381600 -0.016700
2.349500 -1.407000 -0.026700
2.393600 -1.420900 -0.030300
2.440500 -1.426500 -0.029400
2.485060 -1.422400 -0.023600
2.525910 -1.405500 -0.011700
2.559210 -1.377900 0.005100
2.579620 -1.342600 0.024900
2.589880 -1.302500 0.046300
2.595300 -1.261000 0.067900
2.591160 -1.219900 0.088600
2.569850 -1.182900 0.105800
2.533820 -1.156200 0.116500
2.490570 -1.139900 0.121400
2.444600 -1.129800 0.122800
2.399300 -1.129300 0.119400
2.356700 -1.142500 0.109200
2.317400 -1.164300 0.094900
2.284000 -1.191300 0.078400
2.262700 -1.226900 0.058400

/group/rt_vrtbrl_FINAL/171
171
num_smooth_modes 8 xhat {0.000000 0.375816 0.926694} nrm {0.320331 -0.877863 0.356012} num_subsample_pts 22 creation_method hand_drawn pathId 500 pos {-9.992183 10.910249 -16.115292} creation_type threshold shifted_origin {12.4536 -12.4976 16.4906} posId 171 num_hand_picked_pts 13
2.383200 -1.617500 0.371400
2.386000 -1.633900 0.328400
2.400800 -1.645400 0.286800
2.423100 -1.653200 0.247300
2.453500 -1.656100 0.213000
2.492500 -1.651300 0.189700
2.535160 -1.639700 0.180000
2.577680 -1.623300 0.182100
2.618790 -1.603800 0.193200
2.652100 -1.583000 0.214500
2.671440 -1.561900 0.249100
2.679460 -1.542000 0.291000
2.679920 -1.524900 0.332700
2.670910 -1.511000 0.375200
2.650390 -1.501600 0.416600
2.618800 -1.500700 0.447300
2.578310 -1.507800 0.466400
2.534360 -1.518800 0.478800
2.492370 -1.533700 0.479800
2.453950 -1.553600 0.465100
2.420300 -1.575700 0.441100
2.395300 -1.597200 0.410500

/group/rt_vrtbrl_FINAL/178
178
num_smooth_modes 8 xhat {0.000000 0.177957 -0.984038} nrm {0.115425 -0.977461 -0.176767} num_subsample_pts 20 creation_method hand_drawn pathId 500 pos {-9.854021 10.464804 -16.079245} creation_type threshold shifted_origin {12.4536 -12.4976 16.4906} posId 178 num_hand_picked_pts 12
2.764570 -2.001900 0.348200
2.766510 -2.009900 0.393900
2.750390 -2.019600 0.437100
2.719220 -2.029800 0.473000
2.681340 -2.038700 0.497600
2.635690 -2.046600 0.511100
2.588200 -2.052100 0.510700
2.544780 -2.054400 0.495300
2.505240 -2.054000 0.467000
2.479100 -2.050100 0.428500
2.472130 -2.042800 0.383500
2.476690 -2.033700 0.336100
2.490530 -2.024000 0.291800
2.517170 -2.014200 0.254700
2.555750 -2.004700 0.227400
2.600790 -1.997500 0.217100
2.647090 -1.993400 0.224600
2.693740 -1.990500 0.238800
2.733110 -1.989900 0.261100
2.754670 -1.994400 0.300500

/group/rt_vrtbrl_FINAL/185
185
num_smooth_modes 8 xhat {0.000000 0.537787 -0.843081} nrm {-0.660310 -0.633147 -0.403874} num_subsample_pts 20 creation_method hand_drawn pathId 500 pos {-10.000836 10.056395 -16.240536} creation_type threshold shifted_origin {12.4536 -12.4976 16.4906} posId 185 num_hand_picked_pts 12
2.597330 -2.578690 0.229200
2.586690 -2.594230 0.271000
2.568000 -2.601120 0.312400
2.542690 -2.598190 0.349100
2.510830 -2.584360 0.379500
2.477060 -2.562150 0.400000
2.443900 -2.532620 0.407800
2.413900 -2.498050 0.402700
2.392200 -2.463500 0.384100
2.379900 -2.431700 0.354200
2.377200 -2.405200 0.317100
2.385800 -2.388100 0.276300
2.403900 -2.380700 0.235100
2.429500 -2.383300 0.197400
2.460850 -2.397100 0.167800
2.494820 -2.420900 0.149500
2.528300 -2.451300 0.142400
2.557690 -2.485100 0.147300
2.580230 -2.519870 0.165000
2.594780 -2.552960 0.193100

/group/rt_vrtbrl_FINAL/192
192
num_smooth_modes 8 center_x 0.0 center_y 0.0 center_x_in_pixels 0 pathId 500 center_y_in_pixels 0 creation_method threshold shifted_origin {12.4536 -12.4976 16.4906} creation_type threshold threshold_value 500 pos {-10.460736 9.842572 -16.436011} xhat {0.000000 0.912449 -0.409190} nrm {-0.959740 -0.114938 -0.256299} posId 192
1.951700 -2.596250 0.182300
1.955800 -2.633220 0.183600
1.960900 -2.669620 0.180800
1.967600 -2.703170 0.170800
1.976400 -2.732590 0.151100
1.986300 -2.756470 0.124800
1.996300 -2.773890 0.094900
2.006600 -2.784180 0.061100
2.016200 -2.784990 0.025700
2.023600 -2.774100 -0.007200
2.029000 -2.753510 -0.036700
2.033100 -2.727610 -0.063400
2.034700 -2.697650 -0.083000
2.033200 -2.662800 -0.092900
2.029500 -2.625240 -0.096100
2.024800 -2.589080 -0.094500
2.018000 -2.555820 -0.084100
2.008900 -2.525630 -0.063600
1.999000 -2.500850 -0.037600
1.989100 -2.484100 -0.008200
1.978900 -2.475500 0.026200
1.969200 -2.475400 0.062800
1.961500 -2.485400 0.096000
1.956000 -2.505210 0.125500
1.951900 -2.531470 0.152600
1.950100 -2.561880 0.173100

/group/rt_vrtbrl_FINAL/200
200
num_smooth_modes 6 xhat {0.000000 0.447371 -0.894348} nrm {-0.856314 0.461892 0.231048} num_subsample_pts 22 creation_method hand_drawn pathId 500 pos {-11.032142 9.969630 -16.454657} creation_type threshold shifted_origin {12.4536 -12.4976 16.4906} posId 200 num_hand_picked_pts 12
1.350100 -2.625320 -0.034000
1.354700 -2.639120 0.010800
1.365100 -2.642740 0.056300
1.381200 -2.633690 0.097900
1.402100 -2.612070 0.132300
1.425700 -2.581150 0.158000
1.449800 -2.544420 0.173900
1.472600 -2.504180 0.178000
1.492100 -2.463300 0.168400
1.505800 -2.426200 0.145000
1.512400 -2.396700 0.110600
1.512700 -2.375600 0.069300
1.507800 -2.362400 0.024900
1.497800 -2.358700 -0.019700
1.481900 -2.366900 -0.061900
1.461100 -2.387300 -0.098500
1.437600 -2.417000 -0.126100
1.414000 -2.453000 -0.141600
1.391900 -2.493100 -0.143200
1.372900 -2.534420 -0.131200
1.358800 -2.572390 -0.107400
1.351200 -2.603070 -0.074300

/group/rt_vrtbrl_FINAL/209
209
num_smooth_modes 6 xhat {0.000000 0.865908 -0.500203} nrm {-0.344896 0.469511 0.812777} num_subsample_pts 20 creation_method hand_drawn pathId 500 pos {-11.448056 10.310166 -16.088835} creation_type threshold shifted_origin {12.4536 -12.4976 16.4906} posId 209 num_hand_picked_pts 11
0.911400 -2.110300 0.317300
0.882700 -2.145200 0.325200
0.867500 -2.184400 0.341400
0.867400 -2.224300 0.364400
0.879300 -2.261100 0.390800
0.900400 -2.291900 0.417500
0.931200 -2.313000 0.442700
0.971100 -2.320800 0.464200
1.015000 -2.314200 0.479000
1.055900 -2.294900 0.485200
1.089900 -2.265400 0.482600
1.115000 -2.228300 0.471800
1.129800 -2.187700 0.454600
1.133000 -2.147700 0.432900
1.124400 -2.110800 0.407900
1.103700 -2.079400 0.381000
1.071500 -2.058000 0.355000
1.031500 -2.051700 0.334400
0.989100 -2.060900 0.321700
0.948200 -2.081700 0.316400

/group/rt_vrtbrl_FINAL/218
218
num_smooth_modes 6 center_x 0.0 center_y 0.0 center_x_in_pixels 0 pathId 500 center_y_in_pixels 0 creation_method threshold shifted_origin {12.4536 -12.4976 16.4906} creation_type threshold threshold_value 450 pos {-11.554073 10.620505 -15.446867} xhat {0.000000 0.907145 -0.420818} nrm {0.001074 0.420817 0.907145} posId 218
0.947800 -1.943800 1.074600
0.913600 -1.960700 1.082500
0.875700 -1.964000 1.084100
0.838500 -1.953200 1.079100
0.806700 -1.932200 1.069400
0.784600 -1.904000 1.056300
0.774200 -1.870100 1.040600
0.774800 -1.834000 1.023900
0.787000 -1.800800 1.008500
0.811900 -1.775000 0.996500
0.847000 -1.758900 0.989000
0.885900 -1.753300 0.986300
0.924000 -1.757200 0.988100
0.960700 -1.769500 0.993800
0.992100 -1.790900 1.003700
1.010100 -1.821300 1.017700
1.010500 -1.856100 1.033900
0.997100 -1.889300 1.049300
0.975700 -1.918600 1.062900

/group/rt_vrtbrl_FINAL/225
225
num_smooth_modes 6 xhat {0.000000 0.733325 -0.679879} nrm {-0.138595 0.673317 0.726247} num_subsample_pts 16 creation_method hand_drawn pathId 500 pos {-11.564197 10.892676 -14.994640} creation_type threshold shifted_origin {12.4536 -12.4976 16.4906} posId 225 num_hand_picked_pts 10
0.798800 -1.622300 1.494800
0.815000 -1.652600 1.526000
0.844100 -1.678400 1.555500
0.883800 -1.689300 1.573100
0.930400 -1.683500 1.576600
0.974500 -1.667100 1.569800
1.005900 -1.640200 1.550900
1.022300 -1.605700 1.522000
1.023400 -1.571700 1.490700
1.007300 -1.541000 1.459200
0.975700 -1.518200 1.432000
0.933700 -1.510400 1.416800
0.886100 -1.514500 1.411500
0.841800 -1.526800 1.414400
0.811100 -1.552700 1.432600
0.797300 -1.588600 1.463200

/group/rt_vrtbrl_FINAL/231
231
num_smooth_modes 6 center_x 0.0 center_y 0.0 center_x_in_pixels 0 pathId 500 center_y_in_pixels 0 creation_method threshold shifted_origin {12.4536 -12.4976 16.4906} creation_type threshold threshold_value 375 pos {-11.726861 11.258552 -14.788583} xhat {0.000000 0.197117 -0.980380} nrm {-0.526773 0.833329 0.167551} posId 231
0.823800 -1.189600 1.761000
0.799300 -1.210100 1.785800
0.769000 -1.231300 1.796500
0.736000 -1.250700 1.789200
0.704600 -1.266300 1.767900
0.680400 -1.275700 1.738500
0.666400 -1.277200 1.702400
0.662000 -1.271900 1.661900
0.666900 -1.261100 1.623500
0.683400 -1.244600 1.593100
0.710500 -1.223200 1.572300
0.742900 -1.200800 1.562700
0.776000 -1.180800 1.567300
0.807200 -1.164800 1.585900
0.832400 -1.154900 1.615700
0.846500 -1.153400 1.652600
0.848500 -1.160000 1.691800
0.840400 -1.172500 1.728600

/group/rt_vrtbrl_FINAL/237
237
num_smooth_modes 6 center_x 0.0 center_y 0.0 center_x_in_pixels 0 pathId 500 center_y_in_pixels 0 creation_method threshold shifted_origin {12.4536 -12.4976 16.4906} creation_type threshold threshold_value 350 pos {-12.091834 11.746672 -14.762571} xhat {0.000000 0.017084 0.999854} nrm {-0.645469 0.763675 -0.013048} posId 237
0.288100 -0.814000 1.681800
0.281600 -0.818800 1.719200
0.287800 -0.813000 1.756900
0.304600 -0.798200 1.789700
0.328300 -0.777800 1.813300
0.356000 -0.754100 1.825600
0.386100 -0.728700 1.826600
0.415400 -0.704100 1.816200
0.439200 -0.684400 1.793500
0.453700 -0.672700 1.759800
0.458100 -0.669700 1.720600
0.452700 -0.674900 1.682200
0.437900 -0.687900 1.649100
0.414900 -0.707800 1.624300
0.386500 -0.732000 1.611300
0.356900 -0.757000 1.611900
0.329000 -0.780300 1.625400
0.305100 -0.800100 1.649500

/group/rt_vrtbrl_FINAL/245
245
num_smooth_modes 6 center_x 0.0 center_y 0.0 center_x_in_pixels 0 pathId 500 center_y_in_pixels 0 creation_method threshold shifted_origin {12.4536 -12.4976 16.4906} creation_type threshold threshold_value 350 pos {-12.604322 12.277134 -14.710068} xhat {0.000000 0.368258 -0.929724} nrm {-0.713414 0.651497 0.258054} posId 245
-0.184700 -0.211000 1.662500
-0.210700 -0.239300 1.662300
-0.231900 -0.267500 1.674700
-0.247700 -0.293600 1.697200
-0.256400 -0.315200 1.727400
-0.255200 -0.327900 1.763000
-0.243900 -0.330100 1.799600
-0.226000 -0.323300 1.832100
-0.203500 -0.309100 1.858600
-0.177100 -0.287700 1.877400
-0.150400 -0.261300 1.884500
-0.127400 -0.233200 1.877100
-0.108900 -0.205300 1.857900
-0.095000 -0.179700 1.831800
-0.089900 -0.161800 1.800500
-0.097200 -0.155800 1.765300
-0.113700 -0.159800 1.729900
-0.134300 -0.170100 1.698900
-0.158000 -0.186900 1.675600

/group/rt_vrtbrl_FINAL/254
254
num_smooth_modes 6 center_x 0.0 center_y 0.0 center_x_in_pixels 0 pathId 500 center_y_in_pixels 0 creation_method threshold shifted_origin {12.4536 -12.4976 16.4906} creation_type threshold threshold_value 400 pos {-12.874635 12.622192 -14.453810} xhat {0.000000 0.696228 -0.717821} nrm {-0.063428 0.716375 0.694826} posId 254
-0.313200 0.063600 2.109500
-0.346300 0.043500 2.127200
-0.386500 0.031900 2.135500
-0.428700 0.028600 2.135000
-0.470000 0.033700 2.126000
-0.505900 0.048100 2.107900
-0.530100 0.071100 2.082000
-0.540400 0.099200 2.052100
-0.539100 0.129000 2.021500
-0.527400 0.158200 1.992400
-0.503200 0.183400 1.968700
-0.467400 0.200300 1.954600
-0.425400 0.206800 1.951600
-0.383300 0.204000 1.958400
-0.345200 0.192900 1.973300
-0.314600 0.173900 1.995700
-0.294800 0.148500 2.023600
-0.287100 0.119600 2.054100
-0.292800 0.090200 2.084000

/group/rt_vrtbrl_FINAL/261
261
num_smooth_modes 6 center_x 0.0 center_y 0.0 center_x_in_pixels 0 pathId 500 center_y_in_pixels 0 creation_method threshold shifted_origin {12.4536 -12.4976 16.4906} creation_type threshold threshold_value 400 pos {-12.791519 12.893561 -14.178446} xhat {0.000000 0.735439 -0.677591} nrm {0.325412 0.640712 0.695411} posId 261
-0.269500 0.309000 2.360300
-0.302400 0.296500 2.387200
-0.342200 0.294700 2.407500
-0.383400 0.304700 2.417600
-0.420200 0.328100 2.413200
-0.447300 0.359800 2.396600
-0.462100 0.393300 2.372700
-0.462100 0.425900 2.342600
-0.445300 0.452000 2.310800
-0.413500 0.464600 2.284300
-0.372900 0.464000 2.265800
-0.330800 0.452400 2.256800
-0.293800 0.429700 2.260400
-0.265400 0.398700 2.275700
-0.249200 0.365000 2.299200
-0.250000 0.333100 2.329000

/group/rt_vrtbrl_FINAL/266
266
num_smooth_modes 6 center_x 0.0 center_y 0.0 center_x_in_pixels 0 pathId 500 center_y_in_pixels 0 creation_method threshold shifted_origin {12.4536 -12.4976 16.4906} creation_type threshold threshold_value 400 pos {-12.693998 13.106301 -13.930645} xhat {0.000000 0.782653 -0.622458} nrm {0.207083 0.608966 0.765688} posId 266
-0.288200 0.519700 2.643700
-0.321100 0.537400 2.638500
-0.345700 0.562500 2.625200
-0.360700 0.592200 2.605700
-0.366400 0.622700 2.582900
-0.361800 0.651800 2.558500
-0.345200 0.676200 2.534600
-0.316800 0.691600 2.514700
-0.280800 0.695900 2.501500
-0.243100 0.690600 2.495600
-0.208000 0.676800 2.497100
-0.178300 0.654700 2.506600
-0.156600 0.626700 2.523000
-0.145800 0.596900 2.543800
-0.146700 0.567500 2.567400
-0.159100 0.540300 2.592400
-0.181800 0.519300 2.615200
-0.213300 0.509100 2.631800
-0.250500 0.510000 2.641200

/group/rt_vrtbrl_FINAL/276
276
num_smooth_modes 6 center_x 0.0 center_y 0.0 center_x_in_pixels 0 pathId 500 center_y_in_pixels 0 creation_method threshold shifted_origin {12.4536 -12.4976 16.4906} creation_type threshold threshold_value 400 pos {-12.628725 13.521103 -13.297356} xhat {0.000000 0.891477 -0.453066} nrm {0.031064 0.452847 0.891047} posId 276
-0.072100 1.022400 3.190200
-0.084600 0.993600 3.205300
-0.108900 0.970200 3.218000
-0.139200 0.954400 3.227100
-0.173300 0.948000 3.231600
-0.208700 0.951400 3.231000
-0.241500 0.964100 3.225800
-0.267500 0.985300 3.215900
-0.282300 1.013700 3.202000
-0.282400 1.045100 3.186000
-0.269000 1.074200 3.170700
-0.246800 1.098200 3.157800
-0.218000 1.115600 3.147900
-0.183700 1.123200 3.142900
-0.148500 1.118900 3.143800
-0.117900 1.104000 3.150300
-0.093000 1.081300 3.161000
-0.075800 1.053100 3.174800

/group/rt_vrtbrl_FINAL/287
287
num_smooth_modes 6 center_x 0.0 center_y 0.0 center_x_in_pixels 0 pathId 500 center_y_in_pixels 0 creation_method threshold shifted_origin {12.4536 -12.4976 16.4906} creation_type threshold threshold_value 350 pos {-12.588827 13.783947 -12.539433} xhat {0.000000 0.974731 -0.223382} nrm {0.055308 0.223040 0.973239} posId 287
-0.086900 1.193100 3.969800
-0.061700 1.228400 3.960300
-0.055600 1.272500 3.949800
-0.067100 1.315200 3.940700
-0.094700 1.350000 3.934300
-0.134700 1.371900 3.931500
-0.179400 1.376600 3.933000
-0.221700 1.362700 3.938600
-0.254300 1.332000 3.947500
-0.270400 1.291100 3.957800
-0.268500 1.247300 3.967700
-0.249700 1.206500 3.976000
-0.215600 1.177800 3.980600
-0.172000 1.167500 3.980500
-0.126500 1.173100 3.976600

/group/rt_vrtbrl_FINAL/292
292
num_smooth_modes 6 center_x 0.0 center_y 0.0 center_x_in_pixels 0 pathId 500 center_y_in_pixels 0 creation_method threshold shifted_origin {12.4536 -12.4976 16.4906} creation_type threshold threshold_value 350 pos {-12.573541 13.848888 -12.228921} xhat {0.000000 0.980621 -0.195916} nrm {0.051109 0.195660 0.979339} posId 292
-0.049700 1.302800 4.267700
-0.069800 1.269200 4.275500
-0.104700 1.250600 4.281000
-0.145700 1.247000 4.283900
-0.185800 1.254300 4.284500
-0.220700 1.274400 4.282300
-0.243400 1.307500 4.276900
-0.251100 1.347000 4.269400
-0.244000 1.385500 4.261300
-0.221300 1.418000 4.253600
-0.186600 1.439500 4.247500
-0.147600 1.446500 4.244100
-0.108300 1.438100 4.243700
-0.074000 1.415300 4.246500
-0.052500 1.382100 4.252000
-0.045100 1.343100 4.259400

/group/rt_vrtbrl_FINAL/301
301
num_smooth_modes 6 center_x 0.0 center_y 0.0 center_x_in_pixels 0 pathId 500 center_y_in_pixels 0 creation_method threshold shifted_origin {12.4536 -12.4976 16.4906} creation_type threshold threshold_value 225 pos {-12.480060 13.958578 -11.832804} xhat {0.000000 0.869136 -0.494574} nrm {0.604551 0.393961 0.692324} posId 301
0.074600 1.381600 4.614700
0.055700 1.364700 4.640800
0.030500 1.358100 4.666600
0.002500 1.363400 4.688000
-0.025800 1.379900 4.703400
-0.052200 1.403900 4.712700
-0.072800 1.433000 4.714100
-0.083700 1.465800 4.705100
-0.083400 1.497500 4.686700
-0.072600 1.522500 4.663100
-0.053900 1.539200 4.637300
-0.029600 1.547500 4.611200
-0.001700 1.544800 4.588500
0.026500 1.529000 4.572900
0.051500 1.503500 4.565500
0.070700 1.472800 4.566300
0.082000 1.439500 4.575300
0.083800 1.407500 4.592000

/group/rt_vrtbrl_FINAL/308
308
num_smooth_modes 6 center_x 0.0 center_y 0.0 center_x_in_pixels 0 pathId 500 center_y_in_pixels 0 creation_method threshold shifted_origin {12.4536 -12.4976 16.4906} creation_type threshold threshold_value 220 pos {-12.230458 14.069269 -11.745760} xhat {0.000000 0.101573 -0.994828} nrm {0.967286 0.252378 0.025768} posId 308
0.249100 1.468300 4.782800
0.244800 1.481100 4.818000
0.239100 1.500000 4.848700
0.231200 1.528200 4.869400
0.221800 1.563500 4.874800
0.213000 1.598200 4.865600
0.205700 1.628200 4.846100
0.200000 1.652600 4.819100
0.196800 1.668300 4.785800
0.197100 1.671100 4.749200
0.200300 1.662400 4.713400
0.205600 1.645400 4.681100
0.212900 1.619900 4.655900
0.221900 1.586700 4.642800
0.231100 1.551400 4.644300
0.239300 1.518600 4.658000
0.246100 1.490200 4.680900
0.250700 1.469700 4.711100
0.251600 1.462600 4.746300

/group/rt_vrtbrl_FINAL/313
313
num_smooth_modes 6 center_x 0.0 center_y 0.0 center_x_in_pixels 0 pathId 500 center_y_in_pixels 0 creation_method threshold shifted_origin {12.4536 -12.4976 16.4906} creation_type threshold threshold_value 215 pos {-11.978501 14.088961 -11.758232} xhat {0.000000 0.558657 -0.829399} nrm {0.988235 -0.126852 -0.085444} posId 313
0.459400 1.507800 4.675000
0.461700 1.502200 4.710100
0.465400 1.506100 4.747200
0.470000 1.519000 4.780500
0.475300 1.543100 4.806300
0.480900 1.575900 4.822000
0.485700 1.611400 4.824900
0.489200 1.645900 4.814500
0.491200 1.675700 4.793200
0.491100 1.695300 4.763300
0.489000 1.702600 4.727500
0.485400 1.699200 4.691200
0.480800 1.684600 4.659400
0.475200 1.658800 4.633700
0.469600 1.626300 4.616700
0.464800 1.591900 4.612800
0.461400 1.557400 4.623800
0.459300 1.526900 4.645700

/group/rt_vrtbrl_FINAL/321
321
num_smooth_modes 6 center_x 0.0 center_y 0.0 center_x_in_pixels 0 pathId 500 center_y_in_pixels 0 creation_method threshold shifted_origin {12.4536 -12.4976 16.4906} creation_type threshold threshold_value 150 pos {-11.558076 13.897996 -11.778256} xhat {0.000000 0.057847 0.998325} nrm {0.802920 -0.595089 0.034482} posId 321
0.960400 1.484900 4.659100
0.949000 1.467600 4.626200
0.930800 1.441500 4.600500
0.909100 1.411700 4.590600
0.887100 1.382700 4.602600
0.867400 1.357700 4.628500
0.854500 1.342100 4.661200
0.850500 1.338900 4.700200
0.854000 1.346000 4.740000
0.865300 1.363100 4.772800
0.884000 1.389600 4.795700
0.906700 1.420700 4.804200
0.929500 1.451000 4.794900
0.949100 1.476100 4.771400
0.961400 1.490700 4.737800
0.964600 1.492800 4.697800

/group/rt_vrtbrl_FINAL/327
327
num_smooth_modes 6 center_x 0.0 center_y 0.0 center_x_in_pixels 0 pathId 500 center_y_in_pixels 0 creation_method threshold shifted_origin {12.4536 -12.4976 16.4906} paste_pos {-11.328018 13.686856 -11.728586} creation_type threshold threshold_value 150 paste_xhat {0.000000 0.439622 0.898183} paste_nrm {0.603245 -0.716351 0.350623} pos {-11.558076 13.897996 -11.778256} paste_posId 327 xhat {0.000000 0.057847 0.998325} nrm {0.802920 -0.595089 0.034482} paste_pathId 500 posId 321
1.212400 1.227000 4.689800
1.197100 1.201800 4.664500
1.172800 1.173300 4.648100
1.143800 1.148500 4.647400
1.114300 1.133000 4.666400
1.088000 1.125800 4.697100
1.070700 1.128100 4.731400
1.065300 1.141400 4.768000
1.070100 1.162300 4.802500
1.085100 1.187300 4.827800
1.110100 1.215100 4.841300
1.140500 1.240200 4.840500
1.171000 1.257600 4.823600
1.197300 1.265800 4.795100
1.213700 1.262600 4.760200
1.218000 1.248000 4.723000

/group/rt_vrtbrl_FINAL/334
334
num_smooth_modes 6 center_x 0.0 center_y 0.0 center_x_in_pixels 0 pathId 500 center_y_in_pixels 0 creation_method threshold shifted_origin {12.4536 -12.4976 16.4906} paste_pos {-11.207257 13.476695 -11.564869} creation_type threshold threshold_value 150 paste_xhat {0.000000 0.708113 0.706099} paste_nrm {0.228546 -0.687411 0.689371} pos {-11.558076 13.897996 -11.778256} paste_posId 334 xhat {0.000000 0.057847 0.998325} nrm {0.802920 -0.595089 0.034482} paste_pathId 500 posId 321
1.352300 0.962500 4.874000
1.333700 0.935400 4.853200
1.304000 0.911300 4.839000
1.268600 0.897200 4.836700
1.232600 0.898500 4.849900
1.200500 0.910500 4.872500
1.179400 0.929500 4.898400
1.172800 0.955800 4.926900
1.178600 0.985200 4.954300
1.196900 1.012100 4.975100
1.227500 1.034400 4.987200
1.264500 1.047900 4.988300
1.301800 1.048700 4.976800
1.333900 1.038500 4.955900
1.353900 1.018600 4.929500
1.359200 0.991300 4.900500

/group/rt_vrtbrl_FINAL/339
339
num_smooth_modes 6 center_x 0.0 center_y 0.0 center_x_in_pixels 0 pathId 500 center_y_in_pixels 0 creation_method threshold shifted_origin {12.4536 -12.4976 16.4906} paste_pos {-11.165551 13.314214 -11.398741} creation_type threshold threshold_value 150 paste_xhat {0.000000 0.706856 0.707358} paste_nrm {0.153890 -0.698932 0.698435} pos {-11.558076 13.897996 -11.778256} paste_posId 339 xhat {0.000000 0.057847 0.998325} nrm {0.802920 -0.595089 0.034482} paste_pathId 500 posId 321
1.395600 0.794400 5.045900
1.376700 0.768300 5.024000
1.346500 0.745800 5.008100
1.310600 0.733700 5.003900
1.274100 0.736900 5.015100
1.241500 0.750600 5.036000
1.220100 0.770700 5.060800
1.213400 0.797300 5.089000
1.219300 0.826400 5.116800
1.237900 0.852300 5.138600
1.268900 0.872900 5.152400
1.306500 0.884300 5.155500
1.344300 0.883200 5.146100
1.376900 0.871200 5.126900
1.397200 0.850300 5.101500
1.402600 0.822700 5.072700

